-0.09378132 0.73747432 0.58326365 0.32620316 0.90102602 0.04218998 0.71883285 0.17466763 -0.13668731 0.43180840 -1.32309569 0.70777218 0.49209596 -0.71575487 0.68169291 0.90655528 1.07915399 0.75614391 0.41361783 -0.36547377 0.60076539 0.45017875 0.26122502 0.01208576 1.02451229 0.92053789 0.12515061 -0.88331410 -0.80157843 1.00006450 
-0.26235241 0.12452639 0.71913008 0.48297740 0.61224649 0.06821606 0.81738441 0.99300510 0.50532225 0.75861343 -0.18795389 0.61414416 0.37866309 0.62611479 0.77054818 1.21389543 -0.74258281 -0.51651560 1.01989699 0.60451222 0.42622144 0.50454104 0.50560026 0.83771790 -0.32545736 0.33491192 0.28309065 -0.59486749 0.37525719 0.49114927 
-0.34378132 0.41747432 1.14326365 0.74620316 1.09102602 -0.13781002 0.33883285 0.01466763 -0.11668731 0.27180840 -0.91309569 0.30777218 0.58209596 -0.69575487 0.77169291 0.49655528 0.18915399 0.34614391 1.07361783 -0.24547377 -0.01923461 0.64017875 1.08122502 0.02208576 0.66451229 0.50053789 0.57515061 -0.28331410 -0.67157843 0.13006450 
0.96145482 0.17004113 0.49573629 0.39704660 0.66518083 0.42409671 0.33869705 0.81769635 -0.01083676 0.58070238 0.15492615 -0.65678956 0.74168607 0.09094229 0.12118981 0.19900110 0.57741274 -0.36603270 1.21239692 1.16264858 -0.04170427 -0.30384277 0.75815743 0.70170447 0.86973429 0.25577902 1.14305377 0.56125888 1.19438945 -0.30647289 
1.35063845 0.83713791 -0.16766803 0.00611494 0.44169658 0.10487705 0.67556771 0.79355277 0.45326895 -0.66355560 0.62160743 0.68321633 0.47902085 0.45181458 0.76783314 -1.18000772 -0.64783361 0.58201886 -0.19358091 0.83916552 1.18762259 0.16442876 -0.12525004 0.69309540 0.72913489 -0.32084177 -0.77950953 0.97193248 -0.72386082 0.48686757 
1.12207846 0.16237808 -2.57024064 0.00542584 1.00640394 0.94998623 -1.01382993 0.68477254 1.36313063 1.40175971 -1.74242495 -0.03474719 0.68058825 0.43892384 0.27016318 0.18284316 1.40726579 -0.06512266 0.88450529 0.73412140 1.00487413 -0.76524170 -0.11388225 0.86590934 0.82362711 0.84014544 -0.83477974 1.77690011 0.95958385 1.18799088 
1.07804837 -1.43391082 0.22151994 2.46819281 -0.05227798 0.17042838 -0.31848264 1.16450113 -0.74734388 1.95264974 -1.35903092 1.69503129 -0.47394366 0.57043736 0.71982788 -1.46784230 -1.62957205 -0.85661163 -1.82477074 -0.71604886 -2.24614227 -0.57128941 -0.46684864 -0.10129104 2.19479008 0.19790118 -0.82168400 -0.01060471 2.63822250 -2.09264113 
0.24437281 -0.07170752 0.60775180 -0.37015143 -0.04387724 -0.15092480 1.01469716 0.84522683 1.05780699 0.71904662 -0.37059970 0.88444370 -0.10142909 0.35739227 0.37409636 -0.64437993 0.41817359 -0.55891281 0.31119533 0.96492146 0.70439319 0.12273182 0.43684168 1.20087264 0.21010117 0.63565502 0.54931260 0.04354448 0.53635858 1.02412851 
-0.33471780 0.85121342 0.54527363 0.11302189 -1.24793894 0.49313205 0.41085639 1.24771299 0.83780886 -0.18105758 -1.16975289 1.05868346 -0.09328317 1.20600512 0.60115587 0.52324984 1.36540091 0.30268257 -0.66965982 -0.19844214 -0.73902333 -0.59983883 0.30036711 0.09313341 1.71681683 0.50485877 -1.61783287 0.64498319 0.21007564 0.65765740 
1.09279942 2.02145624 1.30276975 0.40504026 0.43120631 0.48410407 -2.56129364 -0.09829979 0.71183125 0.37372048 1.53303468 0.23940049 -2.63139078 1.69942393 0.18576880 0.47726996 -1.00248384 1.12821189 1.13722705 0.15053390 0.55827937 -0.31004786 0.58550202 -0.19014862 -2.01592599 0.80668492 0.86873962 1.33143997 -1.54093865 1.39143064 
1.36269997 -0.99636344 -1.07127386 1.25779732 -1.49679450 1.15677275 -0.97187647 -0.46840383 -0.58809139 0.59310394 -0.56724505 -0.08631602 -0.42966809 0.47614886 -2.47689049 0.26371890 -0.03562593 1.48025042 2.03279568 -0.21892227 1.67656575 -0.69493577 -0.14933716 -1.01359926 1.45644284 1.10059063 1.15448563 -2.69991804 0.64571364 -0.90485485 
1.13388441 1.22516552 0.87099007 -0.08137860 -0.22016997 -0.64553758 -0.00664121 0.09122182 1.41888788 0.67971128 0.12779971 0.53639202 0.92791884 1.04440756 -0.84954793 -0.22001215 0.24790448 0.51714127 0.20657218 0.61004348 -0.06618512 0.73022126 0.55943781 0.91861902 0.42442758 0.93531234 1.03093830 0.40833021 0.33725184 0.80451368 
1.54072689 -1.19883294 0.98578531 1.65275595 0.39850083 0.88871502 1.03324103 -0.12821137 1.59010704 0.37051535 1.13873996 -0.29099508 1.81415456 1.17539360 0.47345064 -0.76901066 -0.03187728 0.74337469 0.67924560 -1.89977973 -0.09659254 0.14382524 0.67894136 1.51720192 -0.46279466 0.19254063 0.54487057 -1.88683014 -1.00581946 0.56281623 
-0.01465491 0.22084133 0.75920239 0.41404417 0.43498210 0.72979506 0.57536464 0.85458678 0.17931374 0.55798132 0.37613429 1.17733194 0.61020714 -0.34718515 0.80433151 0.30386801 -0.42747593 0.21010107 0.06089465 0.40915669 -0.07444154 1.15494725 -0.03619148 0.06054654 -0.05727721 -0.15809011 -0.03964335 0.80178424 0.66512048 0.84300326 
-1.20263474 -0.55551701 -0.20681612 0.57490349 -0.87796034 -0.41613092 1.67209569 0.61840374 -0.71187517 1.78394943 0.97916091 -1.31171222 0.76772327 1.21347725 -0.97247246 -1.64144761 0.32366050 0.76692355 -0.82420545 0.55371615 0.11673947 -0.00583522 1.16685856 -0.06418348 0.96999558 -1.05605775 0.75694056 0.95788899 1.41345330 0.78405531 
0.38107957 0.60378956 0.96343614 0.88244277 0.40858689 -0.89384853 0.73656408 0.69189429 1.23957321 0.91764763 0.53824246 1.05351004 -0.02569183 0.78831991 -0.89621930 0.05187277 -0.04021674 0.86787180 0.65752807 0.30275521 0.12728058 0.68112593 0.67930506 0.22761922 0.50578725 0.44611119 0.53005504 0.57467083 0.96815659 0.15396384 
1.65141913 0.97803003 0.22239405 0.95509344 1.25022449 0.86582187 -0.37543446 0.59997538 -1.26968397 -0.50991690 0.32669700 -1.14098664 -0.71804419 -1.03537551 0.65078778 1.47950590 0.74909526 0.23361495 1.36605811 0.72017466 0.14569808 0.78786911 -0.18109733 -0.28017504 0.49085376 -0.26208581 0.24089228 0.16643711 0.66073724 0.54475894 
0.33013090 0.64028539 1.09585701 -0.01411667 1.40692478 0.79082362 -0.14011263 0.26153635 0.86627185 -0.76946940 0.17407745 -0.31025710 1.80602011 1.32494448 0.54593071 -1.46324119 1.27770102 0.10162192 0.37702174 0.61754970 -2.01876366 0.19571460 -0.14985425 -0.87968046 0.34890310 0.30419721 0.02844575 0.64702851 0.02705821 1.20418295 
0.65087067 0.43464989 1.10286995 0.81813726 -0.40589915 -0.00609272 -0.06113172 -0.64584006 -0.63593760 0.75097958 0.70412082 0.53289664 -0.26567340 0.97528529 0.64084332 0.02120065 -0.56668951 0.66582485 0.52173300 0.64225981 0.41002674 0.57705652 0.67658082 0.80960162 1.00201023 0.08239652 -0.62969620 0.08885431 0.34662993 0.95538380 
0.54660972 0.30425626 -0.21066417 0.42853504 -0.12785531 0.09981026 0.99328799 -0.01984360 0.59227243 0.49523664 0.99413466 -0.00402784 1.10504367 0.43227327 0.04363193 0.88932943 -0.55210573 -0.14652560 0.24987332 0.22863192 0.18358096 0.04402556 -1.32452667 1.18017332 0.36223366 0.55449683 1.16431912 -0.37980304 -0.00082898 0.43357387 
-0.48929790 -0.96810200 -1.73257511 0.86998741 0.27627356 0.60849222 -0.53082853 0.82101120 -0.80846341 0.49271252 -1.55148304 -0.36840778 1.05993168 1.14079605 1.18910238 -1.15046805 1.53201412 0.13543028 -0.45444813 0.29561540 -0.31219118 2.20101656 0.94087472 -1.26870134 1.25636512 -2.68383154 0.74852502 0.10191062 -1.40112588 0.95190739 
0.07668555 0.25177127 -0.29584647 0.42442594 -0.23721474 0.76174675 -0.44585173 0.79648535 0.64567591 -0.07869474 1.42400096 0.89790253 -0.66251739 -0.25414646 0.76622053 0.84177872 0.30907716 0.02643354 0.51213558 0.21215280 -0.79449200 1.10445740 0.55623216 0.35581379 0.18063555 1.01296136 0.93011482 1.49467564 2.17340224 1.25742503 
1.98376237 -1.44509402 0.62803588 -1.35089964 -0.08255349 -2.25637449 -0.44235971 0.20020298 0.15987271 0.20982702 1.44920361 0.46304857 0.15800470 0.59613538 -0.37268678 0.04959947 1.10756440 -0.61387954 1.10083613 3.18109017 -1.25921981 1.94456104 0.84937490 -2.95449696 -0.09179145 -1.32070942 -0.91631219 0.01234324 -3.47006651 -0.62308526 
-1.10870416 2.22185003 -1.10091023 -0.63700766 -4.44627507 0.66078905 -1.41278374 -2.07569664 0.37427122 1.64346343 1.40341764 0.07883160 0.99675786 -0.22307926 1.73197300 1.54587451 0.42434142 1.80235252 0.54781655 0.11866098 -0.73053745 -1.24190868 -2.66446818 0.70866804 -2.11568699 0.19249636 -0.78604364 0.79665097 1.73985236 -0.10710179 
0.89388441 0.82516552 0.51099007 -0.29137860 0.54983003 -0.61553758 0.01335879 -0.29877818 1.05888788 0.09971128 0.74779971 0.37639202 0.10791884 0.73440756 0.01045207 0.16998785 0.76790448 0.54714127 0.78657218 0.69004348 -0.14618512 0.90022126 0.54943781 0.21861902 0.07442758 1.27531234 0.76093830 0.80833021 0.23725184 1.04451368 
1.02166313 0.37069944 -0.16621758 0.39909920 0.08578143 0.00213459 -0.21209137 0.62128393 -0.08927634 0.61284935 0.09651378 -0.04101344 0.35644410 1.22522717 0.82619118 0.31681345 -0.02726664 -1.48895604 0.28442619 0.21108627 0.32806701 1.81841157 -0.16794320 1.27961756 0.29141449 0.56793892 1.08071569 0.84094467 0.02337712 0.94237184 
-0.16313949 1.00213756 0.21530015 0.10978763 0.82403242 0.27035585 -0.87779395 0.45400120 0.58555614 0.27939791 0.34487748 0.87840635 0.66499945 1.00888849 0.26145021 0.08271390 -0.69632544 0.41713705 -0.73702045 0.76412686 -0.26444963 0.93680771 -0.52458531 0.40248292 1.26727974 -0.47325714 0.87928270 0.35180699 0.34253520 0.17620778 
0.25752215 0.58064860 0.66885725 0.28014227 -0.01845017 0.55605349 0.05099032 0.30374045 0.04733003 0.26633866 0.54444572 0.22707381 0.59663125 0.52209546 0.83881295 -0.06279540 0.86580938 0.73562280 0.82381574 -0.12689502 0.18678194 1.21769697 0.49166914 0.45952281 -0.05121616 -0.30519482 0.94030244 0.20352534 0.30281188 -0.11145797 
-0.84380533 -0.49770251 0.98192091 1.37889950 0.42355500 0.56480543 0.00895962 0.17791889 0.97934259 1.09734203 0.99487279 1.42856125 -0.16856232 -0.05650555 0.65752553 1.14927320 0.04202101 0.50538397 -0.97078913 0.59418138 0.89521154 -0.81728067 -0.25101304 1.20996054 0.79381700 0.11927042 0.49654640 0.26062868 1.33281542 0.60070390 
0.21087067 0.67464989 0.25286995 0.59813726 -0.12589915 0.13390728 -0.14113172 -0.34584006 -0.95593760 0.75097958 0.46412082 0.27289664 -0.32567340 0.25528529 0.17084332 0.14120065 -0.82668951 0.89582485 0.44173300 0.65225981 0.54002674 0.41705652 0.59658082 0.83960162 0.07201023 0.62239652 -0.36969620 0.05885431 0.19662993 0.60538380 
0.53962742 -0.33818975 0.91445741 0.03770828 0.83801547 0.19732486 -1.21659762 0.09384132 0.46523425 -0.51036511 0.64297757 0.91756742 -0.49131651 -0.83005703 0.59231778 0.08352933 -0.08002348 0.63190173 0.14433275 -0.09805591 0.38239490 0.76327097 0.90548569 0.91217271 -0.24583732 -0.03560591 0.67556255 0.45949260 1.40582932 0.51753409 
-0.42246683 0.70278880 1.14679272 1.69683755 -0.28733828 0.91202780 -0.09199072 0.81369540 0.69818761 -1.13944849 0.73204494 1.13141503 -0.27382808 -0.15819326 0.56946994 0.14651071 -0.45421911 -0.70541016 0.45050121 0.31614757 0.68499478 0.88750826 1.36450373 -0.31614069 0.52908019 -0.53080969 2.06775882 -0.57096768 1.18062781 -0.09501494 
0.48387131 0.16940186 -1.15382131 0.39690334 1.70801571 0.02411889 2.18209379 0.55814794 -0.98277893 0.80098055 1.21451823 -2.90931243 -0.93454337 1.61373398 -0.09166843 1.77285948 -1.73550275 -0.13715235 0.70553797 -1.82595723 0.57488666 0.89407262 0.68604872 0.43903654 0.89919906 -1.71296104 -1.01973172 1.62336826 0.35146952 -0.58411130 
0.67297009 0.19681216 -0.36573863 0.79336757 -0.67613990 1.33344769 0.09809561 0.83414952 -0.51043622 -0.06660294 1.00390662 -0.47509680 0.11778731 1.32413758 -0.43556520 0.05274966 0.29568491 -0.52244003 0.17750499 0.04446678 0.77833406 1.73908162 0.51513403 1.29364065 0.07311256 1.50929403 0.90753576 0.62284875 -0.39414005 0.55663732 
-2.09767488 -2.09294421 -0.33186520 1.47453122 -2.04693368 1.41114876 -0.98277382 0.87420987 0.75069748 -1.91183483 -0.81268290 -0.00563412 -0.26903436 -1.87681906 -1.28750992 0.81896011 0.28950634 0.42229360 1.53918420 -1.30066449 -3.79741298 0.25689215 3.69639485 0.53436828 0.22287956 0.38294645 -0.93776452 0.83915973 -0.59763625 -0.21083902 
-0.30619247 1.09906438 1.07685643 -0.40430656 1.01497573 0.07390819 0.43438339 0.24472597 0.63324477 0.39633165 1.30579673 -1.16145506 0.36506525 0.87335814 -0.51092431 0.27992946 -0.08730281 0.63739655 0.21577192 0.47430076 1.16758003 1.11323135 0.89763546 -0.56345912 0.88929924 0.68931225 -0.65432299 1.53153239 -0.06145178 -0.08278327 
0.92782763 -0.55979365 -0.87669924 -0.05523185 1.58338366 0.67872964 0.49992902 -1.10773670 0.92871520 1.18360941 -0.23974852 0.40078467 0.96303265 0.94485573 -1.93916835 1.01863111 0.91394716 0.73339312 0.50346211 1.20545948 -0.58189756 1.02418287 -0.34359398 1.09462648 0.04577922 -0.32073274 0.04013606 -0.63702738 -0.28747969 0.55862997 
-1.18252092 0.39903824 0.51416863 -0.99577548 0.41824757 0.35568914 0.54089299 0.65700222 1.16872832 0.92939575 1.02770475 -0.07554564 0.71612655 0.72094378 0.66621967 1.78385552 -0.90432184 0.11809376 0.24215285 -0.75793735 -1.26269283 0.93452763 -0.84755973 -0.30712533 -0.52756006 -0.37723006 0.04941707 -0.41429827 0.55948841 0.21418087 
1.88780550 1.81165223 0.25549750 1.29616948 -0.23241725 0.34742385 1.19218470 0.67689681 1.46763048 -2.99389667 -0.24828933 -1.29512632 -1.70741502 -0.23475504 0.94668703 -1.25196239 -0.02049124 0.56495946 1.28250078 -1.74130458 -0.25853211 -1.57042087 -2.43480628 -0.43875208 0.95092914 -0.76011092 -0.10500530 1.81251935 -0.63969806 1.58364223 
0.93730134 1.03421261 0.82995162 0.95430678 -0.02425540 1.35723404 0.79909238 0.59925882 0.89305375 0.14665843 -0.61356988 1.76380215 0.74780744 -1.52980205 1.01572199 -1.24369667 1.28274062 1.65876028 -0.61900981 1.03016061 0.06506276 0.17264057 -0.44440771 -0.58170426 -0.11166520 -1.64657496 -0.00475169 0.91471791 1.39388221 1.34139935 
-0.63458881 -0.49680354 1.32920199 1.14687321 2.00120538 1.01445974 0.85386612 0.42349515 0.56070513 -0.98966085 0.31033963 -3.40696654 -1.08560900 -0.76723203 -0.77822120 0.95283944 0.03236842 0.54448703 1.31731833 0.03740031 0.60962699 0.03253758 0.91276660 -2.14033538 -1.42912294 0.65333689 -0.10024881 1.36523377 0.51661561 -1.23667891 
-0.12923242 0.77648935 1.58553937 0.95149662 0.31872392 1.38821232 0.81473522 0.58265163 -0.81003741 -0.19877864 2.13746389 0.36951731 -0.64080712 1.07412795 -1.36876355 -0.79094912 0.46007932 0.06838130 0.43091460 0.25874096 -1.18304369 -0.77047539 0.92658524 0.31554451 -1.27921640 0.81923330 -1.26151483 0.48679795 0.60992732 -0.22038700 
-1.90678247 0.42917925 2.01865433 1.06593684 1.14639810 0.23741562 1.00458678 0.74652826 2.26387706 -1.10342627 -2.20597447 -0.78298712 -0.19402175 0.67884423 0.42528935 -2.08361420 -0.76404425 0.62719574 -0.40376996 1.23725328 -0.63707816 -0.11534425 1.37555800 2.62286161 2.52576984 -1.56303101 0.33161771 0.89404153 1.56189449 1.51661036 
0.53970041 0.27697914 0.88529536 1.22461915 1.05637185 0.90981540 -0.10669207 0.69023257 -1.09658391 -0.30341448 0.11176741 0.93366542 1.55548040 -0.69466036 0.17780266 0.49903946 -1.34866901 0.43496013 0.47325219 1.03974728 -0.01373887 1.20743773 -0.51260291 -0.01631243 0.33568161 0.15961468 -0.32733483 0.69328895 0.37843993 0.00953045 
1.14637592 0.50182244 0.66133377 0.52373243 -0.38319206 0.55065742 -0.43629186 0.83555312 -0.00011365 0.64470107 -0.54253991 -0.02778022 -1.13701125 -0.08729453 0.73648256 -0.08187562 0.94633458 -0.96406918 -0.50036231 0.89129438 0.82477321 -0.10292492 -1.32295208 -0.43260267 0.88948714 0.93983476 0.27053958 0.12241347 0.35665784 0.47990647 
3.45914232 -0.33707753 0.44248865 0.93637383 -0.47396006 -0.19120404 1.77786224 -0.45669171 -1.46845265 0.76172686 1.83342562 2.70358381 -0.29628714 -2.54205880 -0.92364810 -2.11474270 0.44529399 0.39851845 -0.25424374 -1.26446142 0.97828687 1.34981421 0.15975240 -0.08973421 -0.81088489 -1.30087781 -1.28411209 0.86906392 1.27235170 0.78091563 
0.51409155 0.35473276 0.05868509 -0.09161711 0.91673315 0.27508962 1.12063995 0.74713042 1.20289380 0.96219473 0.12841356 0.70643364 0.36242885 0.48575739 0.31945222 0.91254881 -0.17761780 0.48940408 0.89066666 -0.03447597 0.04649576 1.03896573 0.20510768 1.04742987 0.34317236 0.21857210 0.08724739 0.56431690 0.37925926 0.94085602 
0.80173166 0.43758738 0.95467091 0.64468427 0.69334348 0.11523667 0.51648129 0.96619582 0.06573181 0.37957396 -0.09590074 -0.42129804 1.40998060 -0.08806057 0.19978131 -0.06457939 0.04643553 0.07267922 1.23166365 0.92205249 0.00537121 -0.78634347 1.05179920 1.22150218 0.73139367 0.24220715 1.30533060 0.62258232 0.22689621 0.12581612 
0.40424746 1.27525179 1.15688546 0.01157192 -0.10793768 0.21722012 1.29803677 0.92527467 0.80990053 0.55782159 -0.04473140 0.35348489 0.46019481 0.99684058 0.74387037 -0.63550803 0.40567252 -0.80221364 0.50433247 0.90528738 -0.18364003 -0.21618564 0.23814448 0.83804785 0.82238075 0.74911225 0.74048301 0.75659726 0.14953733 1.07186731 
0.10640325 0.87433265 1.20584167 1.22791347 -0.87724878 0.71240591 -0.17277133 1.03488091 -0.16729077 -0.04776072 0.87040197 1.54543937 0.39304674 -0.58792510 0.87875381 0.23702090 0.46763913 0.44399833 0.63509162 -1.50452893 1.79346227 1.62971470 -0.34318876 -0.28411805 1.52545376 -0.08705463 1.13360188 -0.58676632 -0.84740905 0.38722103 
0.45072211 -0.18763002 0.94053939 0.31450579 0.84410500 0.14326588 -0.58779629 0.93381758 0.27650554 -0.89067715 0.17350232 1.20417692 0.24887431 0.96133187 0.39856560 0.34691303 0.97249409 0.95212522 0.83621111 -0.45825500 -0.61781159 1.23250650 0.43032092 0.99329347 -0.37606239 0.31866976 0.94788937 0.15605480 0.73664553 1.15625651 
0.86059222 0.30452320 0.96044481 0.95084784 -0.01530031 0.90485634 0.20110151 0.33319717 0.13229402 -1.23818740 0.97560035 0.72032838 0.91164555 0.24491463 0.73398410 0.61743950 1.19230105 0.60467929 0.86128456 -0.07554760 0.73030202 0.15065303 -0.24320761 -0.58971417 0.48554982 0.99330065 0.93410427 1.44536663 -0.58976319 0.46501728 
0.23745994 1.14816837 0.17044364 -0.19914764 0.71690606 0.15387941 -0.66419373 -0.03890327 1.09901588 0.60653232 0.50294452 0.11862547 0.64097600 0.97361880 0.68577671 -0.20282306 -0.53019064 0.80015102 -0.81474430 0.60893698 -0.31333204 0.61413028 0.02003939 0.39244352 1.02849364 -0.30260872 1.16213041 1.00091549 0.91632657 0.70369341 
0.80827150 0.85369735 -0.55455770 1.10033571 0.97748865 0.81243965 0.62832290 0.39362336 -0.94061096 -0.20071738 -0.61855840 0.86196276 0.33195497 1.47501320 0.04948250 0.63778258 0.56912436 0.70101327 -0.95659677 1.18668694 0.75286281 0.25020330 0.65841227 0.39381252 0.06173109 0.95419529 -0.20205215 0.32576747 -0.33097665 0.96170982 
-1.30439922 0.60954698 -0.36778475 0.37427205 -1.23125148 0.80978055 1.45665382 -0.26968431 1.12232454 0.26839235 0.91321899 -0.72146465 1.24727465 0.98518529 0.34262719 0.27328915 0.07844329 0.53286171 1.03250399 2.17603700 0.84015103 -0.84182509 0.88601370 -0.53765044 1.93707906 0.83878583 2.25292353 -1.84754245 0.35601879 0.32774193 
0.70686051 1.18213756 -0.06469985 -0.15021237 0.41403242 0.09035585 -0.77779395 0.20400120 1.13555614 0.43939791 0.39487748 0.97840635 0.94499945 0.63888849 -0.00854979 0.00271390 -0.56632544 1.09713705 -0.68702045 0.41412686 -0.15444963 0.90680771 -0.61458531 0.92248292 0.91727974 -0.84325714 0.95928270 1.05180699 0.65253520 0.32620778 
-0.80448925 -1.12414988 0.73325253 0.63527024 0.61873798 0.82850998 -0.87580331 0.63757849 0.75461651 1.33365364 1.03551917 -0.90965602 -0.67043976 -0.84190191 1.21669555 1.67717707 1.01516485 -0.59484684 0.53613283 0.91478221 2.05870512 1.20173497 0.39771549 -0.99283284 1.69653300 0.21483553 0.38425277 0.04765741 -1.02626372 1.22629337 
0.72833783 0.45592644 -1.17966132 1.10807977 -0.79608943 0.66989436 1.43536559 0.11371084 2.16520987 1.92446543 0.09182326 -0.05455690 -1.02630153 0.42932295 -0.75454165 1.79439556 0.95166927 1.02458451 0.07585484 -0.58806347 0.02203622 -0.07352486 0.76284986 -2.12638942 0.98388031 1.47625602 -1.89318477 0.77277885 0.15770171 1.09108359 
1.84383644 2.18339333 -0.68749899 0.98032414 0.89097433 0.57333025 -2.23881548 1.02931150 -0.07347103 0.02553874 0.30373579 1.60881090 0.48986820 -0.01484714 0.32101722 -0.29743264 1.35672872 -1.20546836 2.05088565 -1.40702054 -0.12398474 0.27521671 1.03654591 -1.26613245 -0.35706908 -0.28097063 -1.10299188 -0.32965114 2.19429518 -2.69990568 
0.21955455 0.23809970 -1.29374281 -0.28031890 0.66994679 0.24520517 0.89109356 0.85768045 -0.61208648 1.09546909 0.32179399 1.21524844 1.21358424 0.82483189 0.68011051 0.63507839 0.83859870 -0.39437633 -0.21542028 1.10502345 0.95621191 1.06170898 -0.56806122 -1.24802833 0.05789495 0.15450097 -0.37590139 -0.93995249 0.19036701 -0.24162079 
1.20767053 -0.75182324 0.29662474 -0.02784154 1.06781805 0.37450202 1.02286103 0.71606289 -0.00612584 -0.12074810 0.79044230 0.24082889 -0.03015326 1.30685186 0.90352714 -0.24747921 -0.71552392 0.32681795 0.50255312 0.79785490 1.13001641 0.00317244 0.16770913 1.22855448 0.98251472 0.21395763 -0.50296210 0.56694372 0.79170684 1.10232920 
-0.03697947 -0.84717920 0.44179253 -0.88872748 0.21818144 0.44820891 -1.71074346 -0.28684980 -0.25304799 0.41533675 -0.00051096 0.86294307 1.17200695 -0.42513959 0.61519845 0.62648582 0.08533026 -0.06658445 -0.71526657 0.26020185 0.90536769 0.82124203 0.44111294 1.06971421 0.67208295 -0.61383015 1.17691055 -0.62877263 1.59137650 1.43328786 
0.62646833 0.34731253 -0.41791496 -0.22354845 0.46496849 -0.54516779 0.46673762 1.23178780 1.05513176 0.71255736 -0.14111783 0.96952132 0.08314895 -0.10555862 0.31921212 0.31262580 0.09229423 -0.15055674 0.51957789 0.79036439 0.35675840 0.24828909 -0.07326515 0.21953080 0.17516016 0.90829205 0.02689827 -0.96968357 0.21552888 0.89723275 
-0.62449681 -0.20232173 0.97838542 1.00789118 -0.56982307 1.02362561 0.98548270 1.08822571 -0.90739706 1.29607874 0.58835265 0.30049386 0.22233936 0.58793824 0.50561693 -1.01145068 1.09490098 0.59797537 -0.62701353 0.67789667 0.17803514 -0.36834750 0.71237412 -0.33102101 0.26052420 -0.29951421 1.16562264 0.87362230 0.84481086 0.69274700 
-0.15985481 1.03862716 1.16990536 0.84813075 -1.41807766 0.68442832 0.66091009 -1.46037126 0.89342718 0.71560110 1.97564187 0.84389174 -0.86370783 0.24637118 1.57053890 1.55636051 0.72553933 1.53273477 -0.64510309 0.83536624 1.05877626 -2.43566401 1.72598823 -0.78006522 1.26770002 0.40404312 -0.73331319 0.04823806 -0.18758943 1.01860696 
0.44407632 0.78676228 0.50283200 0.54786650 -1.31733137 -0.06664304 -0.42154572 0.67629269 0.61500752 -0.10122473 0.50300651 0.26627162 1.08607133 0.39660518 1.33565050 0.19103030 0.47405426 0.82958268 1.24490150 0.41307447 -0.01351331 0.99071428 0.23127633 0.47156561 1.26224593 -0.63064202 -0.87556079 0.25404733 1.24802489 1.27620716 
1.21108701 -0.56741612 -0.83606301 0.13165953 1.12852807 0.63190808 0.06578834 -0.89572978 -0.29951405 1.04366733 0.49997600 -0.61872841 -0.15809524 1.09350593 -0.74007966 1.60661783 0.89310408 0.42591717 1.06916443 1.55035104 -1.01833105 1.01220030 0.21512161 0.74862116 0.06959472 -0.09149752 0.75555949 -0.28718369 -0.94798122 0.79563904 
0.32095143 1.61489368 -0.81104962 0.96264478 1.01554631 0.87823636 0.96132158 0.27046019 0.22406270 -0.91749589 -0.55417370 0.93618918 1.83148136 1.58140494 -1.50429966 0.11901857 -0.21210969 1.65717605 0.67954503 0.02033168 -1.17606705 0.13132584 0.19486122 -0.12660301 -0.72628099 -0.24723561 0.09234677 0.48888677 0.68650780 -1.36115790 
0.75946301 0.76256556 -1.47302900 0.64369008 1.08419585 0.12371828 2.57944115 0.91511267 1.36850148 0.23016465 -1.12934115 0.41884976 0.20254968 2.26649999 1.10504842 1.98525073 0.87208026 1.52921048 0.24674006 0.00510791 -1.13460178 0.37118040 -0.02007739 -1.37243844 -0.33761377 1.30803428 0.94030898 0.87297583 0.75502839 -2.68930434 
0.98087067 0.47464989 0.53286995 0.77813726 0.29410085 -0.33609272 0.66886828 0.05415994 -0.79593760 1.09097958 0.74412082 0.44289664 0.01432660 0.41528529 0.98084332 0.60120065 -0.10668951 1.00582485 1.15173300 0.94225981 0.94002674 0.25705652 0.91658082 0.72960162 0.67201023 0.67239652 -0.76969620 0.01885431 0.93662993 0.78538380 
0.26294297 0.49061590 1.16625529 0.69102847 1.12969319 -0.06106976 0.03681901 -0.69556913 0.49528684 0.35337541 0.18666485 0.03140698 0.15565908 0.18170096 0.98340012 1.29427272 0.68991865 0.32874182 0.34898750 0.25640778 0.89373326 0.18924781 -0.21465794 -0.63394825 0.01594099 0.26170825 1.09391333 0.57297004 0.99288538 -0.51102251 
-2.49086874 -2.10383128 -1.27425632 1.71606530 0.67735289 -0.61242295 -0.25643666 0.85103287 -0.06440760 1.69490473 0.22747975 -0.47117009 -3.31497532 1.54431241 -0.10982236 -1.16603051 2.20928039 0.25286317 2.14894977 1.69582875 1.63487307 -1.28028349 -0.58294937 0.06659682 -3.77688789 0.67406611 1.86362106 0.18077790 0.73686747 -0.57334758 
0.10461894 -0.72752349 1.54161070 -1.60548522 -0.19383368 1.01239174 -0.63828703 0.54930398 0.06079886 0.50846991 0.30343569 -0.40558333 0.44210825 -0.65473431 0.39175963 1.24681589 0.15561618 0.45177958 0.33525957 -1.21829829 1.39393646 0.38431515 0.96785343 0.33271623 0.64609131 0.21697666 0.37624994 -0.01455793 1.49072059 1.29845014 
0.52758018 0.52997175 -0.58145101 0.16077750 0.72634011 -1.32614174 0.63473830 1.17806140 1.21664355 0.74430636 -0.21810931 0.75416680 0.91240560 -0.63863015 -0.08355938 0.52885089 -1.10033666 -0.74235395 0.06327995 1.29805528 0.40575286 0.40629562 0.12665390 -0.19521249 0.91435187 0.43672167 -0.17476053 -1.79365395 0.25643460 0.92905992 
-0.29147516 0.51418817 -0.65379498 1.16688995 0.13404036 -0.21936766 0.95603878 0.36627083 0.61561248 0.43962857 1.37800133 0.29802306 0.58470303 0.53575037 -0.34848865 0.49903054 0.01340418 -0.42386433 0.69156964 0.12919585 1.18586566 -0.39354359 -0.33509129 1.30539635 0.72621438 0.21020552 0.34228988 -0.75735404 -0.19550371 0.70015150 
1.49690648 1.79136210 0.56916078 0.93556852 1.04241980 -0.01306594 -0.20297650 -0.46980031 -1.81345111 -0.89319010 1.32257956 1.52403468 0.14203641 1.20818272 -1.11666098 -0.36766358 -1.20111848 -0.99104428 1.11016057 1.78647405 0.25945231 -0.91620173 0.29932843 1.26877719 0.42694489 -0.73511250 -1.31696492 0.30310917 0.39065637 0.18402677 
1.28293398 0.50473982 -0.57649238 -0.03544686 0.83159743 0.25119408 0.53945571 0.97945399 -0.65324760 1.26892988 1.41815713 1.11082503 1.43970282 -0.39013856 1.25221444 2.33910280 0.82227368 0.29376060 1.00983966 -0.02465843 0.04437454 0.48771165 0.51229964 1.50479013 -0.64500509 0.57235871 -0.87285086 1.17858719 1.51388154 -0.13183451 
-0.78064359 1.23519507 1.13435420 1.41281475 0.76502230 1.47488035 1.17816513 -0.52659027 -0.77876940 0.46070366 -0.58679893 0.44436389 0.10990963 -0.42942662 0.83282381 0.49982742 0.24575060 1.19137029 0.64174378 -1.30720183 0.96712868 0.49744187 0.74720671 1.14510909 0.04186724 0.89987137 0.94926367 0.06950973 -0.24552796 0.42379711 
-0.66436420 -0.27376626 0.20824830 0.14671362 -0.77796131 0.62799268 0.78122371 0.56272388 -1.35941082 0.68814779 1.11398456 1.18724501 0.08657337 1.01097683 0.37997206 -0.17075459 1.51167642 0.01805074 -0.25791803 -1.03438254 1.12144133 0.75317493 0.45726007 0.53929986 0.71456162 0.64974173 0.89367243 -0.76704548 0.52718579 1.17425061 
-0.58226785 1.51964249 0.87673854 -0.03164850 0.11175637 0.16542777 1.24245482 0.68620451 0.26448819 0.79214120 0.01085285 1.58926928 -0.39056908 0.92071739 0.34148144 -0.36841463 0.74030204 0.83816412 -1.10818149 -2.50132021 0.66310623 0.30287157 0.64232062 -0.30515762 0.65493153 0.64036759 1.58199666 0.20761163 2.14919515 -0.27285657 
0.66656826 1.50656412 0.14353918 0.53397030 0.21246398 0.39524939 1.24153697 0.29500502 -1.32245100 0.21388603 -0.32744796 1.40070662 -0.29244736 1.24101037 0.68667337 0.18966493 0.99984515 0.61080124 -1.20329242 -0.60064309 1.18088642 0.25617344 0.97467513 0.37431352 -0.19632894 0.99857728 0.77916863 -0.02046770 0.07138190 -0.13169527 
1.28663724 -0.64218808 2.13341103 1.86988541 -0.53719081 0.92539745 0.47735824 0.89546099 0.71119569 -0.41593787 -0.06299006 -1.10414725 1.25794211 1.06702503 1.59478828 -0.31461328 -1.23513994 1.34150077 0.77241022 0.65531914 -0.40794740 0.62980608 -1.59069760 0.14175103 2.02037812 1.07233321 -1.79520222 1.12412711 -0.34221510 0.26060081 
-0.22709971 -1.53908730 0.02608865 1.14794995 1.73531014 1.00786642 0.84016521 1.41082335 -0.92009607 -0.29328059 -2.70132785 1.31008596 -0.22057818 0.36492406 -1.16347365 2.12778920 -0.08509718 1.57492795 0.12846351 0.21648339 1.75618094 0.79023705 -2.11327362 1.69202661 -0.84751088 0.48530927 -1.52957154 1.06589463 0.29052589 -0.07618821 
1.02013000 0.15176453 0.97638262 0.04571543 0.39974971 0.68956854 0.16567921 0.94867285 0.14112733 0.48642101 0.36277899 0.02850356 1.08754516 0.74199382 0.84777566 0.68495443 0.52306777 0.85709573 0.31129058 0.63437832 -0.37190752 -0.00275308 0.78301730 0.95881730 -0.46754265 0.73684743 0.95822327 0.28439546 0.52637634 0.40558018 
0.17111760 0.82576204 0.70764835 0.81427775 0.33764524 -0.53909008 0.81347242 -0.23955780 1.00696281 0.10905513 0.23264565 0.40632010 -0.60255255 0.99952342 0.55214745 0.81488668 0.89362249 0.21672278 0.26395959 -1.12598637 -0.24856727 -0.70755923 0.27904810 1.12847300 0.71999603 0.65898881 0.79443200 0.69976719 0.45924530 0.89684330 
-0.93557110 0.14144204 -0.27372357 0.08965468 -0.07624512 0.68328415 -0.19111007 0.38757306 0.51101126 0.72072233 0.46760746 0.08988922 0.77207813 -1.03768610 0.26444720 0.16489106 -0.13145573 0.77713873 -0.47396116 0.79762820 -0.23812006 0.40915830 -0.22213769 0.00644800 1.03433035 0.69696107 1.03273611 1.13173293 1.05829595 -0.02092293 
0.51346044 0.37628073 -0.61310256 0.01703334 1.05529147 0.35967610 0.34711697 -0.05746658 0.74703222 1.20177273 0.40500809 0.45367232 0.94663855 0.15565446 0.34448173 0.40396350 -0.03198874 0.19187466 0.65761182 0.92189804 0.35740527 0.95028789 0.01339325 0.13609211 0.69860559 0.02732333 -0.07283332 0.38868847 1.23292756 0.07088379 
0.47942701 0.22421671 1.44672731 0.53233294 0.54135975 0.64221332 0.12107242 -0.59630999 0.09522145 0.81305271 0.72486155 -0.05343258 0.70992693 0.38497071 1.03381870 1.32156397 0.20996702 0.31664948 0.74096357 0.30573440 0.68238346 0.04467471 0.61864604 0.06000898 0.37563189 1.01733779 0.19018153 0.71864220 0.69044268 0.26930584 
0.23190022 0.10525635 -0.12944507 0.76764221 0.25211496 0.33332398 0.98921805 0.25575515 1.17856692 -0.21542666 0.78636204 0.31821579 1.00656864 0.40899919 0.04461583 0.69903022 -0.44661314 1.06205470 -0.76832951 0.17055546 0.19527578 -0.15480957 -0.03677613 0.28018244 0.86595273 0.50967672 1.05336890 0.94289958 -0.13260440 0.68945820 
0.08954127 1.31153016 0.72191430 0.88172421 0.52410144 0.90608537 0.19366508 0.94576266 1.71774828 -0.30052239 0.96564162 0.71157480 1.52214484 0.69858830 0.26653948 1.60459856 -0.58601425 0.17538845 0.92074002 0.75959347 0.46767469 -1.38628755 0.35843857 -0.23452704 -0.38568442 0.90330585 0.78789145 0.85798972 0.26017594 -0.31013535 
-0.86591181 0.86003661 0.09202754 -1.18653341 1.34524134 0.48163692 2.08446951 -0.59982663 -0.55277569 -0.08871090 1.14414039 -0.28409653 -0.09028465 -1.26199608 -0.73505157 -0.56518074 0.35201103 1.09501890 1.53219553 -0.26845490 -0.21668076 -1.56680532 0.41407351 1.55822431 2.19337268 -2.54315949 2.23342768 -1.48310295 0.44802485 0.09141283 
-0.38534000 0.15240876 0.84904713 0.51637094 1.26021207 -1.37663628 0.73389164 -0.73803141 0.11570939 0.13956495 0.21737753 0.46794621 -0.90091691 -0.31404531 0.79987407 1.32362244 0.27967594 0.66847856 0.08522324 -1.15476846 -0.13371642 -0.27098886 -0.16098513 -0.47551465 1.03715092 0.38134548 0.61119302 1.36184574 0.23592205 -0.64669358 
1.63409369 0.79816301 0.85016581 1.21199585 -0.31845723 0.95488498 -1.13215602 0.78622049 1.40676218 0.06353322 0.22956768 -0.60957591 -1.76584988 0.97584325 0.77936824 -0.96928698 0.08322951 -2.01003484 0.79642517 -0.08689006 1.03398109 2.47813638 0.79355052 -0.64458320 0.53306842 -0.95986454 2.08242779 0.71372626 -0.87274886 1.72303954 
0.45497880 -1.42508996 -1.75336330 -2.31528474 -0.01460669 1.09421882 1.44380793 0.46542192 -0.05149037 -2.96302844 -0.10929519 -0.52198848 -1.33145320 -1.48015880 1.47240589 -1.21057155 -1.03716768 -0.00547389 -2.06370983 1.03623238 -0.93969516 0.17988019 2.72700877 0.90655422 -0.96369431 3.31364046 0.61266179 1.55672429 0.24620661 -1.42412734 
-0.33307976 0.08380598 0.54222540 0.25593888 0.89245022 0.40855143 0.32614152 0.22716391 0.31283980 0.61952076 0.17942760 -0.02205933 0.37531938 0.36754821 0.75057929 0.97528687 -0.11579234 0.21437577 0.44934418 -0.02722822 0.52900169 0.00099100 -0.33854652 0.02700317 0.12016333 0.37422003 0.58746276 0.57709573 0.98532933 -0.27229288 
-1.91476622 0.90978129 0.08426210 0.68638268 0.35903722 -0.14481736 -0.88505299 -0.02641461 0.94293274 0.41371286 -0.03712257 1.04517832 1.14883872 0.70450014 0.56831127 0.53897239 -1.52208110 -0.81292606 -0.46851789 1.30956628 1.45036336 1.09640699 0.15432652 0.46827495 1.11233718 0.05146172 1.14024346 -0.31809031 0.87895774 -0.89667898 
0.32111760 0.56576204 -0.03235165 0.44427775 0.96764524 -1.10909008 0.78347242 -0.38955780 0.45696281 0.53905513 0.42264565 0.66632010 -0.50255255 1.07952342 0.39214745 0.41488668 1.06362249 0.76672278 0.24395959 -0.90598637 -0.00856727 0.10244077 0.14904810 0.52847300 1.13999603 0.63898881 0.90443200 0.34976719 0.79924530 0.24684330 
-0.31983028 0.34118449 1.46172976 -0.07562741 0.67834799 0.59198906 -1.07781615 0.52131403 0.08730972 1.30311115 1.97775815 -1.73144117 1.26502657 -0.72350694 0.67478311 0.96619253 1.41372016 -1.33954300 -1.18270933 0.38637825 1.82184930 0.82571328 -0.89063109 0.66776407 0.38580845 0.90953008 0.52037538 1.05488355 0.49235394 1.68973899 
0.78102338 0.12550587 -0.84480564 1.38321601 0.40835569 0.85003741 -0.78592255 0.04954275 0.83783657 1.81766288 0.82015564 -0.18686713 1.09659149 -0.99271823 1.10460096 0.52624213 1.01913619 2.08755273 -0.47765905 -0.01562159 -1.83742131 -0.09894039 1.71324879 -0.01172084 0.24820633 -1.68734780 0.90513757 -2.22364640 -1.69196510 -0.06176607 
0.27203250 -1.04084766 -0.46783676 1.10613724 0.84484351 0.87623503 -0.24888013 1.13971274 0.17108988 0.58820354 0.08176376 1.19876813 -0.03607603 1.04922421 -0.54895357 0.81101874 1.17836145 0.38052575 0.98258558 0.07584198 0.36596790 -0.12099912 -1.14979502 1.38057349 0.18920773 0.46176401 0.75885854 1.10693251 0.60630637 0.40570761 
0.72205576 -0.97139571 0.95746935 0.18283881 -0.08435856 0.57220191 1.01520321 1.02960520 0.72246402 0.46474111 0.79032874 0.42022110 -0.62099640 0.92444457 1.37668466 0.74908085 -0.04834865 0.41713718 0.31383787 0.56147067 -0.30914877 0.60810414 0.69804969 2.15036026 -0.00661534 1.22437243 0.63706859 0.51117120 0.19937261 0.60488847 
-0.66712423 -0.34040676 -1.49158721 0.87315610 0.29826634 0.99181767 -1.97315265 1.00058172 0.40857187 0.70102015 -0.59121456 0.04974017 2.13271341 -1.04111561 1.47089347 0.27820418 -0.05331362 0.98804637 0.36544972 -0.88012639 1.98862197 0.65560845 0.11711965 1.39805187 0.84334459 0.78165813 0.67837089 0.26547687 -2.57382090 2.25427173 
-2.02554804 -0.28395348 2.39089538 -2.27997196 0.50675386 2.17549971 -1.51101755 2.15195692 -0.36533193 -0.41189453 -1.21825255 -1.48096999 1.55753837 0.39326669 1.27309497 -1.12982132 -0.02925501 -0.29443688 -0.62064214 -1.07827689 2.04178569 -0.48532163 0.17295387 -0.45683220 -1.93626036 0.45245860 -1.26473422 -1.04449060 -1.62409561 -0.21308689 
-0.30811130 0.41397139 1.56990266 -0.58359245 0.85630883 1.42690709 -0.09387647 -1.09517246 -1.42809222 0.31885834 -0.99417232 -0.97866472 -0.25360092 -1.62495441 0.94767191 1.27084338 1.05662201 0.32736170 0.93926655 -1.17979979 0.81386857 0.05643703 0.51994923 -0.35454232 0.73903081 0.45275501 0.49515603 -0.42611181 0.09413886 -0.11286751 
-0.00851762 1.27709346 0.47452367 -0.08079352 0.60801534 0.99066086 1.26391640 0.08675765 1.23449999 0.43549575 0.44842528 1.23183697 1.01242904 0.63984682 0.50268729 -0.05887998 1.02648741 0.17066701 0.48365008 0.25887413 0.01425481 1.31456506 0.38147017 -0.41417482 -0.28143730 0.89102702 0.24639188 0.89645005 0.08205565 0.20325526 
1.46678647 2.01470733 0.42327597 0.98075164 -0.18420271 0.98585593 0.73644177 0.17204348 -0.59437909 0.45235541 0.62565700 -0.26752422 0.67710000 0.17290283 -0.00001763 0.66686686 -0.09585439 0.74628858 1.46064802 1.19896537 -0.46348196 -0.98216830 0.16962905 1.36875653 -0.99939623 1.19608347 0.72448610 0.51711518 -0.55541312 0.80093579 
1.28945499 2.87119572 -1.36912624 0.46264400 0.28799494 0.99806682 0.15783083 1.14052348 -1.91228550 -1.42551307 -0.17008470 -0.12413915 -0.90205008 -0.19425520 0.69462150 1.55777522 1.00156737 0.90567285 -1.01850443 1.02453572 0.83589203 1.18227701 -0.11015575 0.09878645 0.81351995 -0.50246416 0.83983007 0.67980155 -0.06105065 1.45214609 
0.33700504 0.64156052 0.19461053 0.58257450 -0.02902862 1.18856435 0.76439882 0.04693956 -0.48123167 0.36119589 0.59739168 0.31781179 0.25233574 0.57191157 -0.19077878 0.86373884 0.37644884 1.10341035 0.73515015 0.05869337 0.39819294 -0.09024666 0.83601627 0.45081206 0.07436801 0.71756295 0.43575915 0.44983013 0.31243088 0.64508642 
-0.14479086 -0.20950519 0.82633344 -0.45733936 0.99437838 -0.99400046 0.87411236 0.14757262 0.80985661 0.93124985 -0.16894080 0.55275374 0.12987630 1.09528080 0.92159967 0.56743549 -0.31399531 0.40612686 1.01462625 -0.63046234 -0.27207151 -0.38859350 -0.12584423 0.94590287 0.46316839 0.44756091 0.33167939 0.25408410 0.36850456 0.07769932 
-0.17818335 -0.08522556 -0.34476577 2.61846534 0.60859212 -1.63890113 0.15435151 -0.42752481 0.35767950 -0.22061772 0.56800217 2.20961204 1.40993017 -0.58924986 0.38722217 0.96724338 0.14190957 0.36700075 0.28103336 0.42082298 0.59211751 0.95117101 0.56849383 -0.91240242 -0.02949710 -0.25553803 0.78302860 0.75684105 0.53777358 -1.14242903 
0.92452971 0.22149096 0.71306503 -2.10216292 0.68116615 0.55088011 0.95970830 -2.21409380 -0.57918702 0.27430058 0.43392036 -1.97681190 0.79090916 -3.10086917 -2.30155724 -1.87580883 -1.40108137 -2.21998878 1.70563348 -2.10888212 1.01054454 -0.73767046 1.07697068 -1.03942374 0.59361610 -1.59115296 -0.04833258 -2.48385322 -2.63088033 0.09323983 1.27854575 0.83174475 1.18850314 -3.23806419 -2.70301899 -1.93173831 0.54477896 0.76693325 0.42304088 0.27094327 -1.97525865 0.97227860 0.47012947 0.59496541 -2.21818750 -1.64500895 -0.12255630 0.96030771 0.09289329 0.84903543 -1.86981341 0.72757639 0.88944646 -0.78139840 -1.10606016 -1.55466806 0.08366938 0.74508281 0.73105972 0.61485421 0.59924864 1.00054615 0.89670925 -1.12143083 0.79976618 -3.11573371 0.88620610 -2.04012858 -2.00864414 0.67278625 0.45497013 0.45197232 -2.59527899 -2.95120067 1.34322027 0.50515341 -1.11244066 -0.79217726 0.31921334 -0.87904529 0.05403144 -3.55424217 -0.92947345 0.04216582 0.95284815 1.25210770 -1.28357308 -0.39872665 -2.81553969 -0.16566223 -0.75880492 -1.89816655 1.13626814 0.55703481 0.70832966 0.79236346 0.65403570 -0.42237627 
1.00172469 -0.44430104 0.74006564 -0.24820065 0.10117587 0.39895148 0.98289873 -1.54776013 0.26004032 1.09994874 -2.81949474 -0.92605079 0.40118695 1.10621784 0.82589559 -1.62427145 0.70791269 -2.74336345 -0.60671488 -1.86321078 0.07138519 -2.25240421 0.06661512 0.07803730 1.56181085 -0.88887255 1.02282160 0.79425797 0.90846564 1.00328951 -0.82980064 -2.12084757 -0.61940690 1.40952389 0.89297164 -0.00283223 1.47564899 1.35618745 1.01988384 0.66570505 1.51780457 1.12602016 0.64842150 1.43749883 -2.05089846 0.05746712 -0.88206141 -1.90815107 1.08758499 -2.54486814 -1.43863532 -2.05027472 0.13729169 0.66119931 1.55192002 0.19727932 -1.99391495 -1.64864990 1.03582857 0.69379491 0.59016079 -1.54892680 -1.98806641 0.04646394 0.79165284 -2.00436831 -0.42786293 -0.06290338 -1.40450756 1.81591106 -0.43363853 -2.40474915 -0.39553716 -2.28875010 -2.18641008 0.99282193 -1.88568180 0.75716417 -1.08107637 1.83196603 0.99737721 -1.40394698 1.60474285 -1.03527990 -0.22822886 0.54469212 0.87579135 -0.32364954 -1.79183484 2.01864190 0.16534996 -1.53471625 -1.24543024 -1.27415145 -1.62079346 -1.56726586 -1.21923160 -2.89737393 
-0.31610014 -0.59396660 -2.28132918 -2.77564445 0.41002757 -2.40715814 -0.09700670 0.35024908 -2.70189032 0.75906719 0.70809905 -1.18247573 -2.15464119 -1.78420812 0.74117652 0.97329255 0.77940596 0.72256985 -0.74181704 0.41636004 1.22608882 0.71503205 0.93610499 -2.60571571 -2.31215649 -2.10560933 -1.06013191 -0.32666325 1.82126854 -1.53433625 0.54565320 0.31289461 -1.19035972 0.16530739 0.84582698 -0.11831317 -2.78951990 -2.52582020 0.50040361 1.03142643 0.80123921 -1.70313045 0.11470593 -1.32383691 -1.88330583 1.44000693 -0.61969524 -0.43210657 0.63046159 -2.17563619 0.41577887 -0.29016210 -2.39405293 0.06001491 0.90773858 -2.09875576 0.40480121 -0.04207994 -1.27340770 -1.54248531 0.89765805 -2.03182147 -4.00225266 0.52545791 0.75244708 -0.02104899 0.42432892 0.66598891 -1.81949298 -2.31392763 1.25297439 0.48106102 -1.84434965 -1.60682009 0.28966920 0.11255467 0.30516886 -0.34232073 -0.83258978 0.33498674 -0.12520973 0.53460519 1.35273656 0.08312683 1.14141775 0.14827606 0.25712580 0.33611932 0.39865163 0.27117082 0.26966412 1.53577435 0.97578974 0.30125811 -1.68557973 -2.10808216 -1.72635642 0.96277617 
0.18856295 -0.14807613 0.10563200 -0.81878800 -2.44152389 0.48500177 0.54927890 -2.52891990 -0.29094025 -0.36414473 -0.14445017 0.86837440 -2.39183334 -1.12780298 0.16581238 -0.05618772 0.32986660 0.31174996 0.44813738 0.39710921 -3.54866904 -2.38464981 -1.93010723 0.29034565 0.28756093 -0.01918799 -0.03943247 -3.45531517 -0.80791850 -1.50369102 1.47164614 -1.00270845 0.01602728 -2.52365908 -0.33467540 -1.60208140 -2.70465161 -0.92006689 -0.70417035 0.62199236 0.61861409 -0.72493243 0.73373051 -0.83024171 -1.80405028 0.61772620 0.11896613 -1.29753749 -0.40509475 -1.63224264 -2.36940495 -0.10865219 -0.19742554 -2.20643265 0.47772856 -2.28344686 -2.71639295 -1.87054616 -0.20998520 -0.27359613 0.35028792 0.14855438 -0.76596021 -1.97134908 -2.03182004 -0.27329511 -0.50491837 -1.62610308 0.42941878 0.60008545 -0.53616455 -0.43789992 -0.13555907 -0.10614656 0.17194379 -0.82511841 0.35200109 -1.40909666 -0.17087053 -2.64675953 0.25582411 0.11826662 -3.30264251 -2.24617479 -0.86712136 -0.04396146 -2.65848301 -0.26971397 0.30372463 0.88848445 -0.49149121 0.79487975 -1.18682757 0.06132885 -0.46010387 0.23598137 0.50560127 0.76037261 
-2.44951507 -0.05066608 -2.51409269 -2.99837846 0.16077541 0.60635160 -0.24509925 0.72437290 -1.87758690 -1.50374227 -4.26934445 -2.25515005 0.32660772 -2.07541063 -0.16111947 -0.19102498 -2.40778854 0.54433309 0.16627129 0.12542109 0.20560359 -0.24382685 -0.03406608 -0.49598869 0.67970593 0.18757574 -2.14528641 -0.31075912 0.52470105 0.24205311 -0.59731274 0.05523423 -1.43789851 0.68342564 0.00047225 0.07965645 -1.62527498 0.42924327 0.04957231 -1.60406133 0.66505167 0.12959779 0.22873213 0.65050943 0.13652586 -1.89682776 -2.48095011 0.76138578 0.36059899 0.65141836 -2.61957190 0.71993830 -0.15031727 -2.17509966 0.40576564 -0.07808432 0.02898335 -2.14336393 0.97120408 -2.86185629 -2.26559561 -2.58342666 0.33216922 -2.42430514 -2.83908309 0.75490180 -0.95808364 -0.22958617 0.19685793 -1.65203495 -0.30840281 0.32731920 -2.33859268 -0.78601913 -0.18003359 -1.12420089 -2.47076747 0.13771275 -2.19764969 0.25060852 -0.70186155 -0.66519455 0.84744828 0.58393114 -0.49475493 -2.97337246 -2.25179752 -0.08701927 0.29398084 0.04572698 0.67220295 0.39760102 0.53201488 -1.22457685 -0.78099787 1.04323748 0.81906195 0.12188039 
-0.31574526 -0.17248837 -1.13135053 -0.66098053 -0.32587704 -4.37985910 -0.44973311 -1.09426293 -0.28321525 -1.72106168 -0.15213306 -1.70883615 -0.09900475 -1.44359655 -2.43493397 -0.31449367 -0.62192634 -0.13977267 0.50792866 -1.14752841 0.12814605 -1.11237597 -3.66081503 -0.13940053 -0.64595021 -0.47708150 -1.92222098 -1.07016412 -0.73262610 -0.50863885 -0.05026143 -0.86542542 -0.94221211 -1.12578856 -0.65773912 0.23568134 0.07319157 -0.40992230 -0.60900484 -1.27084391 0.12355353 -0.40385656 -0.91720563 -4.04202978 -0.07523242 -0.20415691 -0.44561402 -0.36767616 -1.38122565 -2.05455915 -0.36450966 -0.02161617 -0.60714047 -0.22877018 -0.52130120 -0.37260005 -1.16816222 -0.78822700 -0.70710886 -0.06682735 -0.68953025 0.15723931 0.08528291 -0.41475957 -2.62551910 -0.54949759 -5.44028397 -0.71952804 -1.13045680 -0.29860447 -1.10338919 0.15319124 -0.13122137 -0.06028399 -0.47434885 -0.30130298 -0.37433341 -1.15342935 -0.69728457 -1.11831777 -2.01818848 -0.73035983 0.29011920 -1.76451366 0.40789230 -0.55273768 -0.61886792 -0.58514373 -0.42878359 -0.77943576 -4.70777675 0.02727432 -0.21174462 -2.52808496 -2.53194813 -0.67852070 -0.01185954 -0.46741777 
1.02147854 0.27852301 -2.68114117 -0.15642044 -1.40052061 -0.55572522 -1.03023497 1.47071900 0.65748586 -0.40660394 0.59402917 0.35248101 -2.02537869 -1.92344422 -0.48337895 -1.36064863 -2.04885878 -2.75576265 0.74582309 -1.25637473 -1.41057593 -1.46950890 -0.51628379 -2.00947743 0.72778403 1.17721078 1.18289429 -2.10081512 1.00000199 0.88505653 -1.42818675 -1.86326842 1.28440847 -1.95686417 -1.93059581 0.86675758 -1.30963326 0.36201008 -1.83815733 1.04687878 0.61327963 0.35477987 -1.81029474 0.59334915 -1.62862070 -0.69103408 0.22595777 -1.84400037 0.72896000 0.66357396 0.27224668 0.99466069 -2.14243837 -1.31458540 -0.24042135 0.45804335 -2.02042278 -1.84148029 0.03764718 -2.06489615 -2.95959244 0.52710049 -0.28758789 1.30307939 -1.47865111 0.41073087 0.10080939 -1.18005123 -0.21900818 -2.26797623 -4.49784247 -0.37634801 0.14993046 -1.75376269 -0.74108371 0.68220152 0.35251412 -1.40536716 -1.66817730 -0.05145806 0.00696672 1.11769517 0.00476543 2.03045183 0.72006539 -2.13707307 1.04308732 -0.14787336 -0.40923639 -2.62630620 0.65860442 -1.43129649 -0.33590774 0.23228910 0.50891052 0.67763589 0.94310460 -0.68327721 
-2.25150447 -0.52382255 -0.86748243 -0.45898155 -0.58359925 -0.26019668 -0.37459342 -0.89815843 -3.50249912 -3.19855968 -0.41786469 0.06104954 -1.80821242 -0.49133147 -2.52557319 -1.01548447 -0.34803149 -0.66710412 -1.08667320 -1.23423155 -0.38874433 -0.43545288 -0.01049670 -0.16415800 -0.83357523 0.03386248 -0.15083852 -0.88685462 -0.26796683 -0.40895132 0.03131709 -1.47185616 -0.69820020 -0.72579675 -0.43587422 -1.92410022 -0.54775530 -0.35623971 -0.29131880 -0.62666170 -2.49170862 -0.19114478 -1.16571461 -1.00391136 0.67944050 -0.22880781 -0.57473222 -1.20599003 -0.36900443 -0.51560470 -0.03257044 -0.55567611 -1.20461768 0.17215431 -0.83325140 -1.03275145 -1.05408790 -0.48460911 -1.23301814 -0.92955985 -0.74507315 -1.26498844 -0.14114977 -0.75581630 -2.69308700 0.31245037 -0.12792796 -1.54872104 0.19072903 -0.55959947 -0.20235461 -0.11147015 -0.32267751 -0.21077477 -0.77561700 -0.93057386 0.88066607 -0.86848403 -1.18580294 -1.05343573 -0.33202529 -0.48781417 -0.57022229 0.15361269 0.42449247 -0.31573877 -1.10984802 -1.26954011 -0.71115474 -1.12026640 -1.95037638 -0.07666463 -0.45021744 -2.67242693 -0.58371843 -0.77962978 -2.54527543 0.13293734 
-0.03411100 -0.31563958 0.17252681 -0.35725661 0.35095173 -1.04435984 0.48303918 0.79154676 1.12806608 -2.92190697 -0.26451909 1.09784126 0.75718635 -0.12411902 -0.01261070 0.58548461 0.62329532 -0.27583092 -2.71462019 0.09818410 -2.28471883 -1.41880493 -0.01114771 -2.18458828 -1.49451056 0.43593657 -0.62683430 0.89922369 0.01211246 -3.20637638 -0.09291139 0.64630634 0.33549635 0.76553852 -0.07295023 0.02333774 -0.57146353 -2.09053943 0.60053470 0.46185713 -2.43434244 -1.44888225 -1.63818163 0.84060175 -0.16600260 0.03356609 -2.14275148 -2.01478105 0.69871573 -1.40577382 -1.15753478 -2.58323603 -0.55320280 0.12386434 0.51089898 0.22220191 -1.77949261 0.69126942 -0.03031855 -0.70592545 -0.19538547 -0.47707046 0.01605508 1.03918646 0.59888463 0.12722859 0.51415248 -0.19752975 -0.47139798 0.78468039 0.53093611 -2.07067746 -1.11238118 1.00735143 0.59621019 -2.05823208 1.28828420 0.41454456 -2.59594777 0.25993157 1.07922577 -2.15989695 -0.77588304 -1.35735510 -0.96649101 -1.51324829 -2.41973484 -0.04812982 0.77956405 -2.30893173 0.37729661 -1.70339924 -1.85720855 -1.83671970 0.54433270 0.66436793 0.34009481 -2.38503018 
-0.25481472 0.06694436 0.01087621 0.87796857 -1.01025029 0.07990102 -2.95821190 0.63632320 -0.16676915 0.64935842 -0.47766288 -0.30003355 0.04091634 1.00659289 0.39761921 -1.68074347 0.81032745 0.33002630 -1.61111974 -1.71834606 0.33854769 -1.53196842 0.52216474 -1.83390626 -0.17622703 -1.08850459 1.02100870 -2.11552819 -2.08284581 -2.81621193 0.37211424 -2.15799556 -1.95747785 0.47819666 -0.76010715 0.31590431 -0.14582740 -2.80279069 -2.44642280 1.05558408 -0.41874979 0.62547164 -1.65823036 0.61595072 -0.28245265 -2.59887207 0.91768720 -1.40340118 1.03972195 -0.03718010 -1.25039629 0.72029795 0.25024678 -0.44529863 -2.04335389 0.79800055 -0.09206293 0.75509104 0.15565662 -2.46009009 0.43178656 0.12151064 0.35564328 -1.28762007 0.57892597 0.50541895 0.01368271 0.64988816 1.75287314 0.26744758 0.89671510 0.92437782 0.68811871 -0.35004246 -2.27522447 -2.57837044 0.71977200 0.89447309 1.41012826 -1.78247936 -1.86231961 1.18601804 -2.97473785 0.74335321 -1.50415038 -1.98202453 -0.22921578 0.16260711 -0.81471472 0.55947358 -0.36311534 -1.32006725 -1.04294617 0.43282316 -2.01210553 -2.32823474 0.81188365 -0.05314271 
0.09864611 -0.34745082 0.23068741 0.39603617 0.48526214 0.87024559 0.40750892 -1.91510128 0.77700752 0.38041075 0.48095758 -0.24852475 -0.09850821 0.85679840 -0.26333655 -1.42420097 1.12613629 -0.31993325 1.30058807 -2.21751548 0.80304427 -1.24358349 -2.86275438 -0.65015149 -2.34744442 -3.48828533 0.38050321 -1.03096313 -2.51161173 -2.44704017 0.03674458 1.16420801 0.79627832 1.24780777 -0.24307792 0.09720480 -0.49253984 0.72726115 -0.88787986 -1.74401093 -2.77067761 -0.28482553 -0.48184809 0.03591046 -2.03412652 0.53383987 -0.17862140 -2.09181743 0.32866443 0.46208742 0.94521111 0.13042341 -2.40405987 0.35337936 1.05068005 -1.48775913 0.67084590 -1.61804005 0.12159282 0.88759647 -0.18855761 0.41456090 -2.56450552 -0.05491496 -0.19600558 0.70172854 0.39455550 0.80942624 -0.89245750 -1.16672135 0.30948911 0.40649596 0.63254025 -1.86635134 -1.57586555 0.24728247 -2.41511734 0.51796806 -0.11343341 -1.17578046 1.29738170 0.99600699 0.40313713 0.49545947 -1.85960435 -2.24307659 0.72615603 0.15429891 -1.47776883 -0.29385981 -0.62664216 1.75069003 -1.90301904 -0.21421085 0.60584536 0.12221293 0.19540783 -1.63381026 
0.11817467 -0.38536938 -1.24260839 -2.62257168 0.24166860 1.61051218 -1.09203960 0.46174654 -0.43523523 0.68073303 0.92713995 0.72116686 -1.88218723 -0.79763833 0.40400420 0.95795772 0.50474313 1.60041054 0.86178002 -1.99677462 -2.24658160 0.24139947 0.69211219 1.81698302 0.34559017 -1.37172081 -1.81937516 0.09163941 -2.62130507 0.67160303 -0.38313083 1.42100948 -2.28459697 -2.85901612 1.01778822 -0.77912325 0.76220894 -1.07877627 -1.81271162 1.09755420 0.05382029 -1.82355969 -0.57002153 0.32445975 -1.15773616 -1.92031637 1.04471078 1.02971801 1.08720132 -2.08914839 0.32418442 0.93582644 0.33612440 0.53673520 -0.29929234 0.80402500 -1.68653820 0.40426007 -3.45364450 0.81352366 1.28487043 1.64036446 1.00330086 -0.29711060 0.00430640 -1.67483049 1.04240516 0.50915247 1.41926032 1.95304737 -0.79036907 0.86789359 -1.76214890 -2.07257717 -1.32052305 1.13421401 -2.05393311 0.33587964 1.09554070 0.89868224 0.61583175 -1.83745395 -1.49305485 -1.78786084 1.50200940 0.63211599 1.39381859 0.13472632 1.15477594 -1.78846263 0.31664428 -1.80018451 -1.74873763 0.34099120 1.09863003 -2.12888095 -0.37573838 0.86138006 
1.14623174 0.03444221 -2.16315951 1.09337411 0.84700466 0.59130648 -2.33678216 0.59567998 -1.31418469 -1.25846679 -1.74390300 -0.00259852 0.94713015 -2.13145614 0.51181963 0.22684943 0.41104231 -2.89992427 0.21193973 1.01076340 0.27990940 0.94665168 -0.24470710 1.57984213 -2.00767841 0.43085770 -1.70958969 1.05864073 -0.25234464 -0.72499986 0.56180165 -1.81636290 -1.45664888 0.07227342 0.48873424 0.38730640 1.87991559 -1.52079592 1.53488081 -0.86356419 -0.28141627 -0.96460000 1.15784565 0.62495544 -1.77582715 -1.53586369 0.60599122 0.28487216 -1.70536632 -2.90674442 0.19900847 -2.19493163 1.10656577 0.77821675 1.06366310 1.24016475 -2.45680574 -0.93987667 -2.06515805 -1.16105164 -0.64966294 -2.15185356 -0.74344246 -1.52155593 0.67703549 0.19647495 -1.65675085 0.63452332 -1.90918256 -1.54246144 -3.11140586 -1.35174019 0.33250795 0.57176338 -2.58822310 1.53114345 0.89225388 0.19870798 0.43875100 0.84093656 0.35311097 -2.00165348 -1.39949507 0.06857479 -0.61412578 -1.67704464 -1.37321548 -0.29703730 -2.84077790 -0.67464654 -1.74927207 -1.94693390 0.62462102 -2.18055660 0.80310484 -1.10302381 0.46917264 1.55285068 
-2.08175421 -0.12206168 1.45163626 0.49710840 0.07149899 0.27455788 0.05863563 0.12300936 -0.00933432 0.37910136 -1.08336444 -2.16864233 0.14235283 -2.27557586 -2.00764624 -2.82840848 0.56967256 0.29762143 -0.88305313 -0.27808991 -1.05492154 -1.17328245 -2.03409692 0.84720983 1.05038885 0.79507179 0.94406007 -0.03528112 1.53596771 0.34093789 -0.28295371 0.49382534 0.95357620 0.55046858 0.81304525 -1.67762279 -1.82201987 -1.98597154 0.31881301 0.73731491 -2.26965179 1.04919449 -0.50787783 -0.21254336 0.21314432 -2.56742763 -1.32414497 0.84686733 -1.56519917 0.94424139 0.13773082 0.39182231 0.49468698 -2.31030015 -0.05361486 -0.02252746 1.19118707 0.27431781 -0.20314914 1.00569400 -0.30461947 -2.59740424 0.28375905 0.01031588 0.95479280 -0.58851105 0.73594184 -2.01845338 0.29103658 -0.76571201 0.01622129 -1.91730643 0.80043935 -3.82243664 0.36542527 -1.34532327 0.67073075 1.20604046 0.31916261 0.00273677 -2.10868542 0.68271805 -1.40839948 0.68652822 -2.02695532 -1.17687606 0.81906615 -0.48486562 0.25466927 -2.11140032 1.47286499 -1.11393707 -1.79202198 -2.56571469 -1.52332403 -2.32583081 -0.50827057 -0.00442779 
0.14049239 -0.24334798 -0.60993364 0.55279089 0.21457160 -0.21390549 -0.02488405 0.11800901 -1.36753382 0.09998009 0.60891693 -2.62072736 0.73903659 0.17957826 -0.60208291 -0.42957610 -0.53103911 -1.29353176 -3.17877380 0.06903989 0.12465024 -0.14162665 0.02498837 -2.14176819 0.28012440 -1.13652958 -0.00196914 -0.94014626 -1.79799344 -0.06797831 0.30161065 -0.43459442 0.47089605 -0.65586001 -0.29535864 -0.10010323 -0.54102803 0.48903662 0.30448289 -0.65388280 0.00078893 -2.34827833 -0.65880832 -0.74408425 0.74034380 0.09838860 -0.54732768 -1.50348213 -0.60080459 0.03703049 0.17639489 -0.01490613 0.41517492 -0.02542527 -2.27845992 -0.35948076 -0.35821440 -0.09081021 -3.21456661 0.16686932 0.33320796 -2.11923327 -4.33222945 0.92085653 -0.80376215 0.54985624 -3.96345983 0.45302098 -0.20959358 0.18136263 -0.28504084 -0.14126486 -2.02049764 0.93563133 0.34442924 -2.04031790 -1.38256079 -0.97382029 -0.56176847 -0.63558853 -0.74709471 -2.28951570 -0.70141568 -0.02020118 -0.35608806 0.31238956 -0.60264671 -0.10515046 -0.24113122 -0.61060084 -0.03671946 -1.91287263 0.53789882 0.08501766 -0.34348534 -0.04414408 -3.48804002 0.49240182 
0.08369587 -0.15398694 -0.95734191 -0.34484943 -2.23494382 1.02484715 -0.80841924 0.71068478 0.97934271 0.06409084 -1.76763588 1.36789580 0.77549659 0.31259051 0.55552846 -0.29119669 0.59800534 1.18859882 -2.25825520 -2.45766705 1.44973802 0.93915444 0.57139805 -0.93812697 0.61916993 1.66851855 1.27402936 -2.44902721 -3.26108916 0.69284506 -0.98054261 -1.21220643 -1.37034163 0.77279905 1.10685275 0.69670218 1.17481245 0.82897146 -1.73082279 -1.80613728 0.77927306 -1.97934136 1.69257943 -0.12857287 -1.87772165 -0.70713432 -2.87341423 0.34650110 -1.12855924 1.21054951 -1.45288544 -1.38369601 -1.56652627 -0.12704229 1.42644666 0.80356665 1.51526965 -1.30662689 0.75535371 -1.76562804 0.60448275 -0.59377151 0.98268654 1.22401093 0.59730876 -1.69971811 -3.04470492 1.20432957 -0.74858875 -2.15943334 -1.06138130 -1.95803032 1.02656948 0.62304115 -0.80499777 -1.40381137 0.82462501 0.63618545 -1.29084352 -2.30067536 -2.05893160 -2.00868702 -0.92584372 -2.07366736 -1.62111276 1.47764534 -0.43588361 -0.15675533 -0.65860191 1.05267642 0.85370333 1.15840705 -1.15801374 1.80960020 -0.09729105 -1.08713933 0.86742916 -0.14168614 
-0.64587784 -0.41882061 -0.11710140 -0.31596583 0.33223945 0.02325722 -1.51886764 -1.94592668 -0.56345301 -2.45492341 -0.23943665 -1.73403981 0.18259600 0.10822053 -0.56972972 -2.01656534 -1.05295373 0.12307815 -0.67167120 0.43189640 0.51695263 0.21589251 0.05737594 -0.83278428 -0.24986349 0.26704352 0.42660654 -2.43871757 -0.99019969 -0.38498552 -2.29310673 -2.14173790 -2.50056078 -0.89594520 -1.90091361 -0.71093904 -0.43633676 -0.31694604 -0.01267005 -0.08191011 -0.34918284 0.30828706 -2.89256203 -2.29527002 1.24145637 0.59261337 0.13630755 0.39018781 -2.89190387 -0.76722745 0.14778329 -0.15479466 -0.47208154 0.53365481 -2.00567282 -1.26368249 -0.92719701 -1.18624485 -1.13855020 -0.14602157 0.49366610 -0.79382685 0.51590311 0.46922572 -0.44339334 0.53318082 -0.32407504 -0.41604405 0.39121574 -0.10520045 0.34231384 0.23279784 -1.20711738 -0.06782794 -0.66358028 -2.00368469 -1.53512456 -2.31135846 -0.24049003 0.88491716 -0.27902186 0.45856129 -2.37956821 -1.68567271 -0.60718008 0.31606110 0.47348658 -0.51676773 -3.35145233 0.25957276 0.09196734 0.21704894 -1.67848618 0.03237285 -1.33941588 0.28959807 0.06210564 -2.19446572 
-0.45099655 -0.96248636 -3.57637115 -0.05283394 -2.92780881 -2.20984685 -2.97828375 -0.19867899 0.25988673 0.12999667 -0.31747910 -1.55455137 -0.70868408 -0.39265325 -0.28470049 -0.36711169 -0.46546034 -0.12687171 0.42773595 -0.03598012 -2.06803148 0.29501757 -1.21958735 0.48232509 -0.39606795 0.66097608 0.07588535 -0.68891981 -0.33099056 -0.36731244 0.50387678 -0.29097239 0.27959958 -1.09246365 -3.71339339 -0.03659567 -1.04744538 0.22528161 -0.63633964 -3.14560326 -0.16547493 -0.20855044 0.18409496 -2.25870144 -2.19736650 0.01725393 0.25005139 0.65035626 0.06569611 -1.14536844 -1.43260021 0.05363249 -2.93668584 0.38065849 -0.61628975 -1.39495012 -2.03003314 -1.08548298 0.38290089 0.07191928 0.41746931 -0.01005213 -0.38993556 0.45329109 -0.29525087 0.25180258 -0.20094784 -0.21591509 -0.00268354 0.78045707 -0.81710789 -2.58873765 -0.28896887 0.02625363 -0.99617062 -0.30627048 0.16383413 -0.06772398 -0.13195520 -0.65747415 -0.97290278 -0.16491347 -0.37540040 -1.17154157 0.79078364 -0.25107872 -0.36140715 -0.16028054 -0.08754348 -2.82951232 -0.41026005 -1.69712941 -2.01100843 0.29592422 -0.22462256 0.54892803 -0.12199152 -0.23072754 
-0.09766846 -0.93536538 -0.69041767 -0.19756122 0.19267576 -0.02346611 -0.25466601 0.86983646 0.02744284 0.25320237 0.21747926 0.32257347 0.06847486 -0.16266302 -0.12490331 -0.33367849 -2.76292064 0.37789678 0.72572586 -0.03922077 0.61996159 -1.49217601 0.36910589 0.03330387 -2.19380236 0.02046301 0.02627929 -3.13768457 -0.17356892 -5.35437838 -2.41745973 -1.52340808 -0.42212833 -1.11549151 0.42735662 -0.52708394 -0.19404268 -1.70858367 0.58999915 -2.07834757 0.04060829 -0.22753577 0.76427274 -1.23369054 0.05843238 -0.25497580 -4.29660832 0.51363024 -0.08992004 -0.05123030 -1.24233498 -0.23016968 -0.35532896 0.59030104 -0.11082740 -2.72243770 -2.09092548 -1.43692385 -0.05216141 -0.03629114 0.14748647 -1.13751297 -0.64975974 -3.01762468 -0.08175071 0.71007253 -0.15135407 -3.02722456 -0.88036128 0.08422971 0.17351719 -2.40659681 -0.02981765 0.04979629 -0.89584004 0.05346706 0.11615264 -2.15161770 0.37720353 -1.79563650 -0.35046708 -0.53619846 0.09539893 -1.27727204 -1.65659135 -0.67650044 -1.48738977 -0.14917201 -2.90915515 -2.85144057 -0.71218922 0.06059846 -1.34450230 -0.34045611 -2.81217911 0.11561508 -0.00065156 -2.40659197 
-1.78545795 -0.52275585 -1.14996804 -0.70357965 1.77424782 -0.73608410 -2.35667457 -1.60070796 1.03224149 0.87200761 1.11890867 -0.32655427 0.53740689 1.81100503 0.44065285 0.05262250 -2.08422028 0.11067053 -0.62657452 1.11976105 -3.03292489 -2.17511730 1.27360217 -0.36946912 0.18091077 -0.53483385 -0.04074454 1.05522169 0.75977030 0.41659249 -1.02722078 -1.93444242 0.38035306 -1.04053468 -1.31234377 -0.87662495 -0.98202120 0.45287511 -2.35159914 0.79977951 -3.36461781 -2.75652780 1.06437885 0.97074284 -0.35979772 -0.85491364 0.04655776 0.46351885 -2.62736950 0.86271611 0.60543321 -2.11366188 0.84522373 -0.42009641 0.35427878 1.23478328 0.27945533 -1.46324452 -1.61906661 0.29516700 -3.23984179 -2.42356864 -0.52358654 -1.09671285 0.62917253 -1.70012148 0.24177039 -0.74902488 -0.15652611 0.01391154 0.43944192 0.55371939 0.03779049 -0.79100538 1.05145107 -0.48622802 -0.16102213 -0.21455816 0.84538659 -4.32907492 1.27191009 0.01415212 0.28690274 0.17111127 -2.61544598 -0.42035491 -2.70318845 -0.30525285 0.85442923 0.15842889 -3.50145197 1.43267755 0.60003954 0.29388639 1.33119091 -1.72815681 0.41035136 -0.68533226 
-2.04775422 -0.36987280 0.37488269 -1.96190367 -2.89746017 -1.04345827 0.58791869 -0.18784915 -0.19732718 0.21614894 -2.95941250 -3.27005591 -1.21548929 -1.96128628 -0.27789814 -1.99081584 -0.58774040 -0.11852095 -2.03984985 -1.84840844 0.51024069 0.60969805 -0.43634690 -1.98037662 -2.06901888 -1.77377234 0.46562923 0.85393112 -2.34569422 0.95253024 -2.55656955 -2.08795909 -0.01730180 1.00952647 0.56507267 -2.19505746 -0.64944026 -1.89047598 -1.23618328 -2.01463599 0.16920003 0.55443769 0.54575054 2.15064807 1.11782373 0.94916038 -0.76741540 0.80489087 -1.62493738 -1.74157016 0.62945547 1.00817097 1.40543214 -2.30618606 -1.41133528 0.30685222 0.42187218 1.30662147 0.95718645 0.89061456 0.42698945 0.69672602 -0.22631319 -0.93328949 -1.82997465 0.41388261 -0.04307657 0.65428657 -2.37361178 -0.38553828 0.15824581 0.70350597 0.51461835 1.05191492 0.50307309 0.93471984 0.35490350 -2.03369667 0.22021821 -1.06621728 0.48696155 -0.42655914 -0.52886002 1.07556597 0.89074015 -2.19759248 0.54894167 -0.60513108 0.11273648 0.59424412 -1.18158266 -1.41615072 -1.79425523 0.38419519 -1.68374997 -1.81412470 -2.20993777 -0.83077247 
-2.04991152 -0.13015261 0.69924640 0.87916195 0.32881245 0.61191735 0.45474707 0.57773425 -3.53655289 -1.40477684 0.44808741 -0.05080701 -1.72232470 -2.02318313 0.11824056 0.70385975 -1.72122294 -1.23694195 1.05465561 0.35216525 0.08095294 0.48150594 0.43924145 -0.03245029 0.00461150 0.49345533 0.28399434 0.74949286 -0.25172012 0.07571970 -1.67278300 1.18278146 -1.26280531 0.68913414 0.32896192 -0.95514647 -0.94504577 0.00779427 -1.95219467 -1.48080224 0.11207549 -1.40214641 0.15685546 -0.58253067 -1.13232660 -1.32023233 0.50512625 0.28244523 0.63118746 0.90099041 1.26229328 0.50054482 0.31190197 1.17993593 -3.59343445 0.86782802 0.54640945 -0.81868022 -0.04866050 0.10009143 -1.66858872 1.40023811 -0.66882338 -1.81826109 0.53894133 -2.54620439 0.80228977 -1.98201649 -2.14227669 -4.05716978 0.47899662 0.72137053 -0.71324648 1.03817306 1.03447947 -0.93912668 -0.56455459 0.58218611 0.96934856 0.68542626 -0.06576050 -1.67698778 -1.60378745 -0.26237620 -0.18584453 0.55642365 -1.53754197 -0.08073066 -2.45516727 0.00903901 -1.38211626 0.46572068 -1.23080631 -0.32277085 0.58114375 -2.84136515 -0.16085998 1.00204177 
-2.43022862 -0.57639354 -1.47283376 -0.32493822 0.05867202 0.23229627 0.36492869 -1.93912982 0.30235376 0.04512198 0.31217444 1.41513021 -0.58999736 -0.04763064 -1.84575046 -0.41026803 -2.86651386 -3.55765161 -0.21482726 -0.53241150 -0.15315535 0.23223329 0.29931791 0.15380922 -1.98121685 0.23850187 -2.75010586 -0.26655362 -0.11305444 -0.45647006 0.64707395 -0.59757611 -2.24095533 -1.24538633 -0.15534176 -0.43965925 -0.38738080 -0.07602735 -2.42191944 -1.40481343 -0.27343329 -1.02014733 -3.51611926 -3.99175876 0.54251815 -2.11926058 0.52069920 0.27170057 -0.29217369 0.11731688 0.03896257 -0.48524630 -0.58834941 0.41397483 -0.37292098 -0.07056541 0.73242781 0.34107467 -0.16972669 -1.73990692 0.10811766 0.34291292 -2.69894371 0.88733211 -1.17386852 -0.30690469 -0.10253524 0.14606341 0.05447980 -2.19464694 0.56324695 -1.55481250 -1.86627186 0.18008904 -2.02647740 -0.25106806 -2.07402705 -2.56051992 -2.07779405 0.21490767 -2.27124709 0.77999893 -0.09817504 0.31268469 -2.69985808 0.47279816 0.17297721 -0.16557297 0.33795272 -2.99472738 -1.07147565 0.56577233 1.27249330 0.19529334 -0.34641601 0.35207340 -0.53952524 -3.33240956 
0.91306117 -0.34755148 0.90238900 0.05276529 -1.35185577 -0.77137609 -1.48717289 1.40738429 -2.96224143 1.22723179 1.18237470 1.24312230 1.01221093 0.96679019 -1.46206791 0.66304350 1.17727860 1.03723098 -2.20859402 0.67309311 -1.13420573 0.54590265 -1.81209248 1.24150261 -2.25535750 -2.46212601 -1.87236324 1.46521097 1.33188187 1.21782823 0.97596112 0.79365160 1.61387283 -0.79643165 -0.36149322 0.29565845 2.22599773 0.81186450 -1.03913108 0.39410311 0.60055158 0.47622714 0.86132853 1.17042840 -0.14240916 -1.93494546 -1.19813116 -1.08993648 -0.48499701 0.79939782 -0.72364209 -1.28469873 0.77355925 -0.73680117 -0.67545578 -1.77586769 0.25386978 0.36183771 -1.94328368 -1.27955378 -2.59269499 -0.84931025 1.17797971 -1.97341468 -0.57848351 1.44723818 -0.29152466 0.67339321 0.40898925 -1.31922184 -2.34547585 -0.76599391 1.43115617 -1.49528937 -1.45356981 0.68126447 -2.15639804 0.16121026 -1.75880207 -1.58024981 -1.62070356 -1.32294432 1.61351630 -0.61884132 0.25857549 0.16828601 0.77577187 -0.50536254 1.39316602 -0.08172290 0.97962938 -1.38225843 0.73514501 -1.18377752 -1.25346278 0.38994580 0.33093519 0.05571803 
-0.16593787 -0.50001582 -1.71095354 1.74266771 -1.68034428 -0.59017686 1.18027256 -1.74182550 0.92858148 0.78714596 -2.15481016 0.58069086 -2.06207066 -1.52045416 1.51850714 0.86284633 -0.91800536 -2.46268983 -2.41851219 -2.24525215 -0.29481606 -1.32545164 1.00795508 0.35014377 1.24845221 -0.85040530 -0.82040089 0.58100494 0.85385888 -1.71509569 -1.48706627 -1.95779263 -0.66713449 -1.27208786 -0.70781355 0.42991595 -1.53555096 1.22193192 1.76777976 0.76348925 0.66710057 0.87543833 -2.66235856 0.18492101 -1.17877399 -1.29279322 0.80967724 -0.86639038 1.32764176 -1.96392582 1.15721174 -1.10142679 1.40604707 -1.41493817 -2.01438968 0.71943879 0.88294262 1.23700067 1.02540442 -1.79143710 0.98245030 1.27404770 0.45693142 0.31486553 -0.72717502 -2.42308407 -1.32815395 1.41095316 1.68590179 -1.65934862 -2.66738708 -2.53714793 -1.54006793 2.21826932 1.17488067 0.90818603 1.02312636 1.02204275 -1.06470725 -0.92186179 1.28146409 -2.51505324 -1.36813284 0.85304556 -1.55718969 1.04156834 -2.07910093 -0.16427113 0.44200225 1.64736464 1.34029002 0.42565262 0.98097993 -2.38805859 0.46593300 -1.07500373 0.42464606 1.38681181 
-1.64944064 -0.08418249 0.94810682 -2.92197270 0.72662189 -1.56057997 -2.44104081 -0.24115781 0.61359758 -0.55809336 0.33005656 1.30853906 -0.44652120 0.76012520 -2.39697810 -1.42194706 0.49129966 0.13127224 -2.34247356 1.37691061 -1.30318048 0.16059332 -0.14752313 -0.76122869 0.67463476 -1.12636083 -2.49479916 0.21940893 -2.87371994 0.93700938 1.02115220 0.14088206 0.02343080 0.98911186 -0.57565639 0.42001021 0.70070382 -1.96207972 0.34938151 0.07189229 0.77263190 -2.06428688 0.33673348 -0.13056965 1.38658992 1.15445123 -3.50034786 0.56755075 -2.67900299 0.51248462 0.95165233 -1.09502853 -2.47977891 -2.38166265 0.73833314 0.26745294 0.70720135 0.23903778 0.54857149 1.39845308 0.07047764 1.08087981 0.61110413 0.67054148 0.44163025 -1.88634849 -0.43084314 -2.31462820 -1.82290579 -1.62642273 -1.96168473 0.46751850 0.28868748 -0.98860857 0.76707199 -0.58511485 0.61064147 -2.49240759 -0.63081059 0.89868788 -1.81895180 0.02731935 0.47808414 -2.49319731 -2.08596872 -0.61590082 0.04915670 -0.28944566 -0.21876271 -0.52660312 0.30608987 -1.08821824 0.23183790 0.25103889 0.48285050 0.01969695 -3.63875191 0.21471531 
0.83431334 -0.41153060 1.19073399 -1.39948206 -2.41201811 -2.54024102 0.81498234 -1.64589233 0.08208006 -2.94256904 -1.91886427 -0.11253871 -0.11739415 0.83313400 0.65984173 -0.01108543 -1.76583957 0.45584446 -1.87867823 1.11059315 -2.08328588 0.68577383 -0.54132564 -1.45808596 0.46593088 0.10217026 -0.45167769 1.53709551 -0.97977062 -0.84618009 -0.25930458 0.56911652 -1.89978493 -0.84507346 0.47124040 0.36019246 -2.98395882 0.62591585 -2.52003784 -0.99534775 0.37028652 0.53135914 -1.88483492 0.55285606 -1.08786566 0.98519974 0.94838986 -1.17026467 0.59888740 0.63165568 0.95317080 0.66409922 0.93096887 1.06686640 -1.22782963 -2.39105623 -1.28754958 1.41885545 -2.79088571 0.55952114 -2.32329054 -1.13074599 -1.37834698 -2.69550410 -0.29067701 -0.06435975 0.75025172 0.36964052 1.00295227 -1.14352645 1.14094096 -0.82519855 1.09425356 -0.31260645 -1.10972830 0.81568228 -1.45106892 0.73613047 0.49286809 0.04851022 -1.51975207 0.27121267 1.38404717 -1.68356974 -1.62225141 -2.12046003 1.00919494 -0.33104979 -1.72886708 0.77272551 0.61591144 -2.00736016 0.40567208 0.79967907 1.03448125 0.78459639 0.08991010 -3.11241189 
0.07979188 -0.50424202 -0.45477625 0.13985268 -0.23266620 -0.14528118 0.27877983 -0.78534080 -2.19748195 -0.83757822 -0.55503712 -2.06373781 -1.91510903 0.19675315 0.44523990 0.15679861 -0.50450164 0.27114996 0.51282853 0.38200055 -0.90157664 0.12986252 -3.05709981 -0.07530772 -0.42268921 0.32197099 0.20876281 0.63032187 -0.00304886 0.43930218 -2.51020164 0.35423520 -0.28097388 0.61306877 -2.87775413 0.25387978 0.51533768 -1.75221394 0.02066740 0.22025882 -1.74156428 -1.52762007 0.05390562 -2.64749899 0.52009629 -0.21494520 0.92201507 -1.68512025 -0.98573102 0.11042976 -2.49365178 -2.05967463 -0.31881580 -2.13739658 0.27287030 -1.49235321 -0.33266272 -1.76241869 0.56525288 -0.30853738 -3.52284551 -0.45942136 0.38281214 0.43571351 0.63605787 -2.66851839 0.05787727 -2.86313870 -1.85995799 -0.06303960 -0.93179823 -0.08199662 -1.73608269 -0.13927625 0.02132051 -2.43019555 -2.16861971 -0.16172186 -2.90695212 -0.03711117 -0.03353638 0.68756512 -0.07012305 0.67457045 0.33226579 -0.19235401 -0.33932624 -0.06551855 0.23087073 -0.62373340 0.66975068 -0.44223435 -0.20592060 0.10184867 1.23683487 0.17261861 -2.97417180 0.18554877 
-0.44384913 -0.39623955 0.64927031 1.46340059 -2.91796143 0.38740848 0.70794039 -0.45125751 0.71459095 0.40655561 0.01990129 -0.37151605 -2.09115567 0.17802345 0.66565046 1.33156418 0.34330049 -0.68543379 0.57174742 -2.04135717 0.17450528 0.02897689 -1.75481511 -2.36668888 0.31981865 -0.33807212 -1.95904938 0.13699785 1.35397845 -1.49292221 -3.44820893 1.73816540 0.70938271 -2.37386690 1.17636926 0.85444353 0.60887845 -0.95668511 0.23960421 -0.15329595 -1.54172813 0.64117253 -3.21039328 0.12463563 1.08860068 0.47202392 0.35924764 -1.18501127 -2.58012341 -1.61611840 -2.40790093 -2.40131231 -2.21719372 -0.00826032 0.19820888 0.96574980 0.71490041 0.43748444 0.67309240 -1.99554430 -0.05278089 -0.05663266 0.64148816 -1.75315130 -0.76081652 -2.97845749 0.64609925 -0.51877030 0.90335540 1.39985967 -3.73063785 0.64803553 0.70743794 -2.58383508 -2.77451395 0.55651005 -0.70524159 0.69638704 0.77222785 2.48528475 -1.96667163 1.12379599 -2.85951970 -2.07472009 0.03706547 0.49583211 0.48809496 -0.02552254 0.70089634 0.23062785 0.15622750 -1.33299892 1.54980926 0.52604093 -1.18172537 0.50876142 -2.51845547 0.34338035 
0.33337730 -0.20373260 1.48027118 0.41218216 -0.75989715 -2.67020223 -0.55558959 0.13234152 0.33674018 0.24115114 -1.17711678 0.41551356 0.55030889 0.71054110 -2.10168389 1.09351845 0.57625347 -0.33315323 -1.48328094 0.77430332 -1.47139384 1.10757025 0.27157687 1.34944489 -3.05445817 -3.84930047 -0.78279506 -1.17726607 -0.47410016 -0.02659772 -0.75777928 0.68032738 0.08381675 0.76777434 -1.44319008 -1.04978489 -1.31846315 0.29102574 0.58814109 -0.03926787 -0.27826267 0.64174993 0.48930361 -0.22979311 -1.08323745 0.44713338 0.86111099 -1.46214825 -0.09519727 -0.68778318 -0.40699767 -2.33906301 -0.07445716 -1.60978661 -2.62800225 -0.36446338 0.76405779 0.84312942 -2.33875381 -2.73273392 -1.50947683 -0.06188437 0.38761119 0.87809740 0.26774073 0.28382382 0.22323406 0.70978920 -1.84758496 -0.38570580 1.04448687 -0.36092152 -0.46043420 0.30052402 0.89087217 -1.56330704 -0.56951453 0.61466178 0.88671590 -1.78426496 0.56973270 -0.93950969 0.41920255 0.65201358 1.11596773 0.76982267 0.28367699 0.08558436 0.31460930 1.55619403 -0.26331317 0.48647439 -1.76382210 -1.54665677 -1.18220226 -1.28235093 0.11958152 -1.85189827 
0.67000000 0.20000000 0.60000000 0.64000000 0.98000000 0.08000000 