1.36340371 0.70946435 0.29808234 0.14208279 0.38513561 0.19265306 1.48647250 0.67510962 0.43739903 0.72924269 -1.03699161 0.44292164 0.89299034 -0.60692290 0.54217422 2.32078986 1.07573948 0.15433851 -0.09224176 0.31893768 0.77858035 -0.13875942 0.16139334 0.40476240 1.24238766 0.87427509 0.84986055 -0.38792312 0.75567220 1.29833901 0.46800178 0.24545802 1.74243845 0.50043233 0.80526240 0.34225069 0.64199430 1.42786092 1.06681421 1.37554544 
-0.02331321 0.21380929 0.24323490 0.30005978 0.53778895 0.66292494 0.83969201 0.08201618 1.37982819 0.77390382 1.13125546 0.62442007 0.61966330 1.43365636 0.38849096 1.16322279 0.25140807 0.50099766 1.34775972 0.76905096 -0.48421785 0.79086777 0.22545215 1.29685575 -0.22223685 0.20217220 1.25247505 0.65879215 0.34067450 -0.47694991 0.50429119 -0.00954286 0.48332529 0.25258210 -0.42190011 0.34390126 -0.17397045 -0.00611516 1.45576929 1.25468322 
1.08813049 0.25792014 0.79570612 0.67709686 0.36674746 0.36210776 1.24129693 0.85338524 0.13125322 0.15178035 -0.54536632 0.37723479 0.33860315 -0.47312190 0.30603839 1.65676641 0.27295354 0.51087099 0.08377182 0.37099038 0.50598180 -0.01453245 0.50814777 0.43834913 0.57572061 0.32001032 1.15962625 -0.38811322 1.14688023 1.32283084 0.21395091 0.43570885 1.11840338 0.79695498 0.81450678 0.47660296 0.86259873 1.18029302 1.50175874 0.60184028 
0.84432142 0.77502656 -0.13793204 0.64085825 -0.09556795 0.76134448 -0.29117828 0.75429963 0.03175927 0.43524931 -0.16481893 0.63786990 0.42915443 0.01730320 0.58459147 -0.19072996 -0.03068716 1.01270106 -0.91063575 0.56026849 0.90216699 0.56026424 1.80453328 0.88277597 0.66215685 0.66575739 -0.18542596 0.87980501 -0.06505550 2.13746546 0.43004019 -0.00991500 -0.22438509 -0.13234252 -0.38320356 -0.22466659 1.14729115 0.94680188 2.54899936 1.35658348 
-1.71496836 0.30684678 0.11757505 0.16379053 -1.84146197 0.80646802 2.45298813 0.17716903 -0.79681961 0.06987905 2.61545561 -0.29066745 0.65625885 0.34334632 0.77370893 -0.00217228 0.39052638 1.01759352 -0.69974862 0.68759478 1.08105657 -1.40259863 1.05450722 1.30515048 -0.84167893 -0.45619399 -0.74534375 0.92010692 0.57281684 0.54785143 0.05596205 0.62818489 1.26088712 0.45069240 -0.32795629 0.74912092 0.65068814 0.79292832 1.24433035 -0.12926738 
-0.68841892 0.05497217 0.08304481 0.36118262 -0.76463260 0.42047497 -0.85532204 0.10100563 1.07096943 -0.12627268 -0.86698766 0.16031408 0.60848285 0.70420032 0.66123590 0.02095571 0.66102762 0.37133176 0.81801442 0.24462296 1.12769202 0.38627968 0.96353708 0.29948292 -0.36784357 0.70476340 0.31843767 1.79693272 -0.44625249 3.02756624 0.64168763 0.62941617 -0.57173290 0.36339984 3.16361893 -2.20052568 0.42529477 -0.76987483 -1.19069540 1.65686106 
2.84011683 0.42573438 -0.24592225 0.25441814 0.44116481 0.52846988 0.10911011 0.66367109 1.28303101 -0.39588847 -0.49748219 -0.33747902 0.70431533 -0.82245695 -0.16911035 -0.65464470 0.38913962 0.01381163 -0.17623351 -0.48120458 1.66523347 -1.99988652 0.23125794 -0.34704808 0.28497267 -1.46334944 -0.39030314 3.39129695 -0.56467266 0.91216982 0.30791016 -0.06881320 0.40760253 -0.55518309 -1.98778546 -0.84618498 -0.96264496 -0.71889204 0.50846518 1.12930532 
0.48594498 0.49456605 -0.13582304 0.48818939 -0.48639939 0.05325883 0.23331225 0.63591178 1.49298526 0.66743620 1.84639454 -0.09072411 0.33889241 -0.74526153 0.17280865 -0.18907003 0.41944477 0.01004492 1.33202429 0.70630318 1.73016454 -0.09016227 0.36988718 0.72056927 0.25361648 1.49649215 -0.19818688 0.62381238 -0.40303040 0.71081429 0.24914557 0.43067354 0.12340743 0.51583877 0.41658532 1.39791239 0.19573170 0.58759804 -0.15970239 0.11273555 
2.68512636 0.30871005 0.63425522 0.02223985 1.76491569 0.61330657 1.24873707 -0.13961625 2.30128796 -0.06316492 1.46958737 0.44453610 0.67463156 1.95781724 -0.01472987 -0.22052415 -0.08566888 0.49006908 2.72065842 0.40938868 0.55581904 -1.16200991 0.63575217 0.42569155 -0.13992021 1.47129542 -0.50797733 1.36532998 -0.90529868 0.20666400 0.02543550 0.20896209 0.23894779 0.50941492 1.82406345 -0.19007211 -0.76095620 0.25206829 1.13011670 1.30706880 
-0.19318634 -0.20724269 0.07808368 0.20451926 -0.68325021 0.16408456 1.30028123 -0.06625811 1.21583537 -0.41028692 0.42307046 -0.79891418 0.44012165 -2.33580781 0.45218413 -0.58269529 -0.31703485 -0.45927421 0.60463094 -0.21444904 2.99808838 0.21293035 -2.91767219 0.50062015 0.57255744 -0.60724160 0.58827079 0.32266516 -0.75498273 0.49532419 0.05309242 -0.08882504 0.32322562 0.26105767 1.33404925 0.04612307 2.61028224 -0.39577281 -1.41420328 1.34094566 
-0.76356364 -0.38091077 0.03494802 0.12955452 -0.97199639 -0.30536752 0.07915688 0.41205315 -0.64585556 -0.12157055 -1.70676274 1.52186682 0.46592717 0.78342387 -0.26785757 0.43924035 0.00273369 0.03489880 -0.66477511 0.25190261 -0.46498120 -0.47293381 -0.73036950 1.79034740 -0.58399773 0.30031593 1.65855012 -0.78335572 0.21817075 1.98196967 0.33490631 -0.37828459 4.41171867 0.74305222 -0.21837303 -0.18552912 1.47361004 -0.22146575 0.64180937 -0.45645572 
-0.87952526 0.28498220 0.94572263 0.68348503 0.78178511 0.40567004 0.52165648 0.82617914 1.56300301 0.15905020 -0.33950504 -0.19312086 0.75451270 1.20282453 0.57187409 -0.23474074 0.61898546 0.57039563 1.57462705 0.87176321 0.45706063 0.89104011 -0.27285285 0.50346752 -0.08380940 0.64010233 -0.51061652 0.64947754 1.36976335 -0.24127517 0.02680707 0.54075499 1.40839422 -0.15508469 -0.14182979 0.73821394 0.47324825 1.01729976 0.33526172 0.43186003 
3.99831569 0.64261688 0.32354785 0.52884437 0.24958349 0.34384542 0.37368020 0.28495622 -0.76783824 -0.24050384 -0.94039589 -0.26567544 0.01455577 0.86043654 0.01156340 0.75662371 0.30631593 0.05268950 -0.04455104 -0.24915342 1.34531500 0.24972644 -2.88023202 -0.25067053 -2.24703941 -0.64940944 1.38781934 1.17133834 0.43988595 1.26057269 0.33563042 0.16155230 -0.29298611 -0.17036099 -1.45790991 0.49963212 2.16493162 -0.39297895 -1.05683084 0.27761591 
-0.57085918 -0.18318449 0.48034645 0.66037147 0.42062335 -0.19980984 2.01615261 -0.02739451 0.16789574 -0.01741138 -0.25079280 0.42497807 0.63616058 -0.90263349 0.70057922 -0.06127788 -0.95877237 0.77979067 0.78477424 0.41686874 0.89281167 -0.18643803 1.33363119 0.58058096 -0.24334672 -0.48895106 -0.09543671 0.16517482 0.13762117 -0.14639905 0.09523497 0.59003390 0.82260302 0.79577125 -0.13332193 0.70727047 0.36878268 0.57243696 0.12832826 1.49278003 
0.78191300 0.77393705 0.60949470 0.33323989 -0.20526087 0.00045949 0.86215158 -0.07796783 0.61088169 1.36248995 0.69670746 -0.12328620 0.12373339 0.74579731 0.11363423 1.86314949 0.13349690 0.08543549 0.88700299 0.20681354 0.38677704 0.48899355 2.04749532 0.96577862 1.00140875 1.16926815 1.32761287 -1.58118883 -0.25844801 1.56573645 -0.07294201 1.44999906 1.54616915 0.48062544 -0.68054732 0.10453037 0.51040995 -1.12182064 -1.32023281 -0.88466803 
-0.14645780 -0.31788601 0.36623900 0.72519819 1.03970881 0.20974982 -0.21837196 0.55880735 0.68386636 0.31625238 -0.52352964 0.16315942 0.47498214 1.00734726 0.79641628 -0.21912189 0.80659373 0.29129582 0.76795696 0.31121655 0.79279543 1.54189952 0.80822070 0.58870079 1.52872220 0.75575046 0.14898002 -0.67350321 0.26294851 -0.05222422 0.50815558 0.54423238 0.59382330 0.28528410 -0.31625388 0.87363109 0.38248942 -0.00441076 0.45888560 0.65309909 
1.99917257 0.77563961 -0.14817029 0.24408991 1.32638424 0.66761475 -1.10974734 -0.06368456 0.14907974 0.15122391 -0.02829531 0.79242535 0.59368900 -0.32006044 0.39110742 0.58001352 1.02458588 1.09833279 -0.31204004 0.84385125 -0.16281373 1.90446002 2.07286887 -0.42853012 1.08272041 -0.02032235 -0.24404183 0.15912200 0.67103192 1.31466603 0.93042567 -0.47423701 1.72569672 0.43691938 0.64312138 -1.31726355 1.71529681 -0.02420863 1.73133994 0.16170790 
0.62986854 0.43221076 0.61966578 0.27103751 0.45746000 0.30086033 0.28711666 0.39214192 0.05022505 0.76615334 0.34122111 2.00894752 0.15996124 2.59576100 0.12965993 0.67032023 0.21991259 -0.06504590 0.86167006 0.45082396 1.60226777 -1.77984553 1.73414360 0.49737840 1.07992640 1.39889054 1.70869933 -0.32593909 0.94027447 -0.02536018 -0.01329332 0.24663614 -0.01630265 1.12094492 -0.78331539 0.18300656 -0.34005073 0.83613466 1.95342170 0.04643140 
1.36316514 0.42290491 0.17169708 0.10774396 0.20475425 -0.03379591 -0.08229228 0.35196799 0.26622928 -0.14359249 0.74239787 0.53761196 -0.01116991 0.77884816 0.90682889 0.38630127 0.81402621 0.39988963 1.13157360 0.56648039 0.81905688 0.97129859 -0.49598068 -0.06118823 0.24387822 0.46580111 0.70804012 0.96874742 0.79170487 0.53112952 0.84268272 0.33921551 0.03367784 0.41678086 0.25776564 1.30296988 -0.39659934 0.21357761 0.16696459 0.11759013 
-0.12162798 0.83434737 0.43603048 0.64516609 -0.01431347 0.46618672 -0.01782818 -0.01516913 0.25284380 0.22694686 -1.81546157 0.38954704 0.22400620 0.88583054 0.40665870 0.42971009 0.45200793 2.21888293 -0.15213158 0.16339686 0.09435830 0.25347167 0.33691111 2.38662422 0.21437381 0.91966922 0.66158118 1.07490703 0.53647084 0.24224670 0.37996092 0.66304794 1.11095577 0.62148836 1.66886134 2.09061430 1.24769305 -0.61858486 -0.40215069 0.78570326 
0.55652092 1.31367781 0.96298900 -0.46411827 0.98822519 0.19472473 1.03775031 -0.24214453 -0.42268330 0.60756692 0.58367066 1.18786665 0.92194773 1.86723224 0.25895956 0.01832513 0.51802128 -0.32972941 0.28004589 0.41646896 -0.30025328 -1.44560106 -0.35204168 1.94180843 2.49620634 1.58155748 0.87947706 0.87801815 1.51715639 0.95919991 0.06267658 1.68637448 -0.41199890 0.16666033 -1.10667827 -1.18362717 0.60253096 1.17165206 -0.33198161 -0.17401035 
0.78504238 0.01889711 0.29574924 0.89783959 -0.15536566 0.33430625 2.35800462 0.32278415 -0.25477040 0.89765956 0.27739036 0.48849634 0.33520058 1.17769172 0.66201465 -0.17486304 0.11052309 0.15865888 -1.56511018 0.65775848 0.51154235 0.14724183 -1.10586840 1.31232503 0.18994153 -0.19896088 0.55874090 -1.32337134 1.27317654 0.01520340 -0.01764154 0.78557442 -0.30800547 0.24594756 1.52021130 -0.17101810 0.50798320 0.28966104 2.62455117 -1.58699477 
-1.63467019 0.20607745 -0.34603572 -0.89521056 -0.09702627 -0.49890869 0.94588995 0.12118413 0.49897249 0.20042276 0.88109473 -0.04463295 0.71658858 0.54271836 -0.56993657 -0.29358492 -0.36788394 -0.34717459 1.11775762 -0.48407204 1.59923870 0.79409735 1.19574494 0.27514695 2.67345702 -3.16676561 -1.03826164 0.72755657 1.29854658 3.12296922 -0.19419014 -0.38016050 -0.24187750 -0.23628704 0.38460221 2.11165255 -1.22009174 1.98081270 0.00830724 0.97175833 
0.06485621 -0.51401176 0.49151196 0.39782992 -0.17043954 -0.02246537 3.40927653 -0.44008333 -0.21638191 0.04399086 -1.87846415 0.36727361 0.11876042 3.22711320 -0.49966048 2.58006912 -0.08503079 0.14489151 2.02039721 -0.12858951 -0.44058082 0.08445785 -1.14436204 -0.59856995 0.60792980 0.38113917 -0.60020106 1.40676149 -0.87581481 -1.04837451 0.02676144 1.27770736 0.40868955 -0.49804061 3.14985854 -0.85843241 0.48095851 0.98149614 0.51804001 -0.32227919 
-0.53953292 0.50580086 0.08114899 0.99945933 0.62640419 0.78125791 0.81518847 0.20817091 1.24405231 0.80305555 -0.39121889 -0.33906090 0.39782431 1.15970729 0.21253476 0.14650734 0.20058166 0.73409847 1.49980568 -0.05739331 0.47668776 0.89892040 0.26064791 0.55189338 -0.30706819 0.79018361 0.03374676 0.56762464 1.46848009 -0.29476351 0.67710632 0.27323683 1.29600317 0.68031594 -0.74010043 1.05839855 0.55189776 1.17182575 -0.11503752 0.78827529 
0.01717666 0.57298720 0.67047368 0.38258434 0.34985497 -0.00845097 -1.73581852 -0.02859778 0.85171918 0.10562078 0.68835270 1.21365095 0.86031052 0.62789854 0.39248411 2.06986806 0.29662221 0.59510506 0.01567508 0.59325958 -0.33808205 0.04339225 -0.60760053 0.41045926 2.23744925 1.57431890 -0.66400172 0.66019182 -0.21231639 0.19276435 -0.03650907 0.25584789 -0.44322835 -0.07081307 -0.15306325 -1.00426314 1.34356400 -0.39706723 -0.52968379 1.15503993 
-0.35323029 -0.04032713 0.51812493 0.46664808 1.08820931 0.78969329 1.11510690 0.29465373 -0.05864590 0.17743846 0.84666068 0.18240965 0.86202773 -0.31617286 0.19936160 -0.21201002 0.30577049 0.42727392 1.29963217 -0.14333272 0.84082300 0.84857694 -0.04173931 1.52785124 1.80012959 -0.04095844 -0.29282286 0.41685041 1.40230889 1.13189187 0.75719805 0.78795962 0.25047723 0.00630363 0.53248477 -0.78996958 1.06635333 0.61433353 0.61697986 0.03369761 
-0.47544678 0.56227988 0.04116308 0.08705658 2.00373596 0.29340119 1.22815851 -0.01119043 0.94324972 1.01604661 1.47254399 0.43982649 0.81790899 0.56602118 0.16248821 1.63775718 0.64935776 0.68966122 -0.52088458 0.93936652 0.14013957 1.01432249 -0.09752347 0.10766580 1.03926982 0.24050375 0.13888321 0.14522524 0.30053140 1.52527185 0.18924027 0.44671980 0.45403805 0.46976658 1.28575449 -0.36578345 0.44461029 0.96044652 1.13181259 0.85442426 
1.68969583 0.11858755 0.09408830 0.24947241 2.33140169 0.43250341 0.35921587 0.37367776 1.51975214 0.10898631 -1.17700924 0.39001035 -0.05322412 -0.28157670 0.11130334 1.06338218 -0.05168395 0.41264498 2.63630822 0.45479975 1.50016535 0.16966447 -0.50917995 1.97173387 1.87533139 -0.53066716 -0.40582029 -0.05246065 -0.13272876 -1.63309455 0.32964752 0.12308463 0.12473682 0.66038031 0.74745066 -0.59166118 1.32848824 0.27317790 2.72121433 0.40706028 
1.24740127 0.09479941 0.40264240 0.03358824 -0.22860466 0.18613962 0.33355316 0.81927207 -0.08297882 0.52265257 0.94040922 1.04677684 0.46471292 1.25528784 0.49033379 0.89352819 0.82034068 0.19865478 1.42335878 0.65314811 1.15541077 0.69855940 -0.20163522 0.03574875 0.23192294 -0.13370619 0.47706536 1.28570879 0.87350677 0.40412281 0.02629820 0.76177731 -0.40225086 0.56286302 -0.01206316 1.46434182 -0.23934313 0.20285149 1.06215695 0.62885016 
-0.26375850 -0.40098562 0.70301945 0.48776612 0.34365150 0.39425942 3.13318745 0.47291431 0.07573935 -0.20245276 0.46312957 -0.11204616 0.16335125 -1.12490268 0.49301696 0.32832875 -1.03946914 0.27991489 0.64752990 0.69031204 1.14720024 0.38190499 1.03509543 0.41826831 -0.85618070 0.30188207 0.14282370 1.46891817 0.78936413 -0.99248837 -0.56844551 0.35167674 0.37598239 0.77833326 -1.09988560 1.14568166 1.57001530 0.30128428 2.31973504 -0.98568902 
-0.41475629 -0.03282689 0.77017552 0.42005681 1.96606192 0.08448596 1.79275109 0.68290918 0.62299270 0.18669408 2.35640634 0.11281118 0.67747954 -0.40786589 0.01535761 1.27688715 0.27321942 0.50964679 -0.28546491 -0.00700952 0.03085261 -0.18308714 0.75202256 1.33172461 0.25376243 -0.34509419 0.83577364 1.04399080 -0.52979180 0.17142980 0.90020118 0.16394963 -0.54605677 0.50549828 -0.03417514 0.00216377 0.13754334 0.71976303 0.85941650 1.26486702 
1.13181041 -0.24319384 0.81221638 0.42903952 1.64345587 -0.31516359 1.70584185 0.47544537 0.51244617 0.25383350 0.38814938 0.06921505 0.68248320 0.16907266 0.04985174 1.12990650 0.33740258 -0.12519380 -0.94198160 -0.02715673 -0.44055653 0.30841307 2.21551327 -0.96872626 -0.26421538 -0.87806053 -0.88081747 1.04334634 0.04795465 2.17609399 -0.00534162 1.04904298 0.75990331 0.11659090 -0.40369792 1.89320100 1.15510099 -0.71433371 -0.48137148 -1.57399052 
0.47275291 0.08121227 0.26952893 0.47893033 1.07870038 0.34573688 -2.36243846 0.54109771 -1.04279812 0.32678136 1.27465599 -0.65776991 -0.06651525 0.81180209 0.21862233 1.50055425 0.05982258 -1.33322580 -1.53355495 0.39207593 0.80002293 -1.36334894 0.61515681 0.34407010 1.89403833 2.35162581 -0.67274800 0.06213884 -1.20628453 -0.85060108 0.56231136 0.03340667 1.09310010 0.48314050 1.01793240 -0.24712282 1.39273086 0.36202015 -0.09312117 -0.24244011 
-0.44012231 -0.48593379 0.29842858 -0.61363852 1.86675443 -0.29705197 0.24785100 -0.18906122 -1.23485270 -0.68822262 -0.98635013 -0.19843346 0.32670379 2.71658209 0.21377252 -0.41026486 -0.09659650 1.15417703 2.29771486 0.76522477 -0.52995475 -0.07451870 -0.48600377 1.00788414 3.77323196 -1.12660410 0.79292502 2.23920822 -2.25483199 0.07071786 -0.60086234 1.15395339 0.67744426 -0.08823982 -0.10391374 -0.47156029 -0.09198284 0.26893587 0.53496156 1.70221792 
-0.81984067 1.19450411 0.19784188 1.16728278 2.36114033 0.07837390 2.14829045 0.54654991 -0.43076352 0.80493215 0.64182782 0.38326900 0.67580162 0.10234346 0.03673370 -0.42490384 0.71129902 0.91976140 -0.78878088 0.57421326 0.45107423 -0.04825004 0.47278845 -0.17979459 -1.09479208 0.11580267 -0.12345759 0.98356688 0.69182914 -0.41650241 0.76904651 0.25937713 2.35748263 0.95981222 1.75916896 -0.72991523 1.44356264 0.35783338 -0.75130840 -0.14056348 
0.90043265 1.11790278 0.85226480 0.16661916 -0.04340578 0.43036681 1.36800312 0.86038516 0.17841111 0.11131265 0.27196272 0.35774781 0.51929889 1.73636932 0.83456721 1.30109947 0.34323477 -0.07182187 2.31589264 0.88880033 -0.76029480 -0.03733502 1.73308223 0.66395397 -1.01788155 -0.00724431 1.33107351 1.09900442 -0.00854983 2.46839432 0.20397766 0.61193341 0.79992978 0.63617830 1.18396202 1.14829096 0.89887815 1.02996024 -1.09795765 2.39285202 
-0.17392210 0.62158389 0.69762736 0.01456017 2.30408834 -0.05131955 2.13195796 -0.15583368 1.33223306 -0.10030865 3.29393239 0.73577955 0.47877525 0.35597592 0.21335138 1.24568558 0.51418888 0.90700197 0.08760384 0.62784546 -0.38942134 -0.08344681 -1.85812612 0.16768974 0.93770369 0.02826310 0.77195568 1.84155904 -0.90685407 0.01407510 -0.03918426 0.62409751 0.85604281 0.46741138 0.70873567 -1.21303316 1.03475886 0.93680461 1.50721065 -0.16307931 
-0.99842232 -0.08986498 -0.03617107 0.49080875 2.39261406 -0.31737904 0.62456517 -0.43020193 0.26008689 0.56381902 2.45609404 -0.05630795 0.68663035 0.90766752 0.43316446 -1.69208661 -0.10792579 0.28602178 -1.81639711 0.05877538 -0.59001519 1.44500436 0.26562768 -0.73325167 0.49527779 1.40102259 1.64440547 1.85179762 0.52022501 0.29743603 0.09765532 0.11335784 -1.34136875 0.04494871 2.11355937 1.45037206 1.37540902 1.65386139 0.27291084 0.45921730 
0.96569467 1.40483756 0.31659743 0.40733807 -1.87059669 0.05554868 1.95495664 -0.08614561 0.27776021 1.06632766 2.06569888 0.19189773 0.45750234 1.50542110 0.70123985 -1.23718777 0.33316237 0.28650048 1.17425512 0.56644622 -0.00261630 1.78815924 0.56187283 0.18853923 0.46450009 0.64290577 1.76733775 0.31609829 2.62038605 -1.27256174 0.40122307 0.71790749 -1.30952550 0.81482721 0.39803418 -0.24032332 1.96984983 1.25717753 -1.37999278 -0.88546663 
0.59671089 0.77480106 0.61181136 0.52561637 1.44163097 0.05384214 -0.04247311 0.04742899 -0.10962156 0.35719279 -0.64024781 -0.15222768 1.11798897 1.88138932 -0.27757145 0.07230959 0.01915659 -0.08293148 -1.97977889 1.58205052 0.27405726 1.04920545 -0.09055271 -0.99362097 1.18723740 0.03576645 1.08551285 0.99799421 0.07906589 0.44480392 0.44981483 0.61596798 0.48319655 2.56173658 0.53884452 -2.94480624 0.33378535 0.53422891 -1.07339003 -0.34829092 
-0.91819279 -0.14452537 0.07513284 0.43171136 0.38670452 0.50656101 2.19376085 0.00533234 0.61300743 -0.00920001 -0.06048073 0.47949836 -0.01867260 0.73223044 0.20221223 0.49607736 1.22584251 -0.21529346 0.62584263 0.79988820 2.85173171 1.09651648 0.07147655 0.36227685 0.25574627 0.04869523 0.43993210 0.28318638 -0.54915763 -0.78415419 0.41904990 0.51305600 1.06662403 1.77304679 1.09216437 -1.30697768 -0.66476267 1.46522313 0.79106939 3.41006422 
-0.16064905 0.81957278 0.68860702 0.74026562 0.25596153 0.41982119 -0.65648789 0.52191765 0.91339025 0.40493344 0.39456921 -0.47030519 0.44923653 -1.00117165 0.50106934 -0.36411736 -0.12760919 -0.16220355 2.06901950 0.89012074 2.05416507 -0.48053453 -0.30171543 0.19264569 1.45765531 -1.03565516 1.22962621 0.54024020 0.77666648 -0.44771862 0.14649562 1.18447804 -1.73105490 1.64335552 -0.08923707 0.46936792 3.35286427 2.00616864 3.69977133 2.48837518 
-1.93104548 0.81937240 -0.01949096 0.56200146 -0.69572815 0.91616940 0.53264963 0.57474821 -0.37130837 -0.36361488 -0.14924693 0.51767648 0.75134708 -1.21753624 0.12712668 1.09559702 -0.92190123 0.69837529 0.66138821 0.58739031 1.74697541 0.07180285 1.19637431 -0.26783861 0.59098980 -1.09792382 0.12518678 2.55099154 -1.02671937 -0.82545289 -0.21142017 0.21086179 1.93768408 0.20903978 1.67468540 0.78816704 0.12095854 0.29013082 0.12491643 1.72816341 
1.78160290 0.30250597 0.59843005 0.52236888 0.58947108 0.14524788 -0.79225228 -0.15447293 1.62232971 0.02162880 1.79564851 -0.00118690 0.13412663 -0.93634921 0.42010732 0.21959388 0.74113305 0.71805635 0.80642392 0.61754265 1.60411607 1.60765144 1.21203348 0.52145037 0.05927426 1.63932091 1.65151786 0.49740921 -0.71533727 1.36582807 0.24562506 0.39364852 1.49483987 -0.18739025 0.94393018 1.10322823 0.30641965 0.22838106 0.02027636 -0.18511495 
0.49756469 0.08955940 0.05147261 0.41567104 0.91030598 0.17603054 0.38185250 0.44818612 -0.44842666 -0.05501212 0.53275930 0.11698077 0.43808989 1.00018167 0.43547645 -2.49341893 -0.20294592 0.07861366 -0.53138858 0.24311603 1.24669480 0.40927454 -0.12998601 2.10534384 1.47600226 2.97923684 -0.47036541 -1.70397516 3.70835941 0.11724213 0.30921653 -0.53023189 1.91408967 -0.11288813 0.37933713 1.69470449 0.10486877 -1.86036841 -1.09373864 1.24253739 
0.63480413 0.69483839 0.89039229 0.59744405 0.34197275 0.37395400 0.45646913 -0.00124920 0.42055431 0.90649580 1.13217669 1.03107332 0.60061614 1.37681713 0.42841929 0.60757570 0.70079801 0.76224865 1.38495099 0.77533847 -0.91498432 1.44175622 -0.62507026 -0.08235196 -0.11588485 0.80207886 0.33270385 1.02158279 0.28217203 0.54969270 0.17427271 0.96243975 0.02293454 0.10054118 -0.72896602 0.42620547 1.15793926 0.60442879 0.99581806 1.21948717 
0.89174000 0.17399419 -0.58753396 0.75109818 -0.70947331 0.78397765 0.62632769 0.15337224 0.19382646 0.81608544 -0.35190721 0.78163550 0.69928898 0.76362175 -0.04002484 -0.10535065 0.73028488 1.15390768 -1.33157105 1.13979276 0.94600734 0.08735579 1.98056543 0.60352083 0.87141936 1.73770465 0.66852954 0.86233177 0.17519320 2.90224580 0.42129007 -0.18427911 -0.06900776 0.01213878 -0.07060620 -0.81979258 1.14784178 0.66398261 2.69890714 1.08153743 
0.08936535 0.19369106 0.85717641 0.65061873 -0.88647347 0.67227420 0.19648498 0.35877358 1.19323357 0.90784611 1.56009310 0.12774991 0.86356096 -0.24112180 0.17228223 0.69717735 0.77939756 0.69041259 1.36316724 0.69381735 1.54621614 -0.32044906 0.40821236 0.61013357 0.30878246 1.99083413 0.32074043 1.15363697 -0.01747669 0.70975715 0.80480234 0.83799033 0.02236190 0.64317863 -0.70740770 1.00448689 -0.03844639 0.56586404 -0.55325997 0.63073484 
0.35725640 0.63370695 0.95067335 0.03949498 0.94433994 0.03826396 -0.44455180 0.28155923 1.16086797 0.68645210 0.06329190 0.62835542 0.24730522 0.16615566 0.96962065 -0.29344523 -0.05922951 0.12191375 0.41568588 0.63187165 0.73952816 0.63389110 -1.95530263 -0.39853629 2.10435821 -0.67467752 0.02125898 0.34228149 -1.17896166 1.65685627 0.12569919 -0.04355585 1.12638704 0.53533374 -0.45477515 1.93921153 0.61566087 2.66401374 0.88157859 -0.94282778 
0.11453703 0.62676846 0.18789436 0.02301234 -0.31927757 0.45626188 3.21775109 0.77027548 0.08277322 0.45329269 -1.19152041 -0.21102279 0.22089424 -0.29375563 0.10709011 1.10621130 0.29652525 0.22635831 -0.63232137 0.90264935 0.68520335 1.08222963 2.05437869 0.61317843 -0.55349352 0.33588615 1.48684655 1.27933711 1.50444140 1.08410110 0.09466988 0.97660994 -0.03289236 0.44240465 -0.49736742 -0.33509030 0.53117824 0.27136699 2.59824322 -1.75799301 
1.04681599 0.29595305 0.27957707 0.49601573 0.41499004 -0.00806208 1.77093202 0.49521688 -1.05587546 -0.04994325 2.94295775 -0.34044739 0.76047391 1.31915851 0.39182072 -0.80557174 0.42850432 -0.66715895 -1.13920919 0.03364318 0.29062607 -0.30426170 -0.57323029 1.32859417 1.91626444 2.09641713 0.13457224 1.61247358 -0.63176432 -1.05932616 0.66780464 -0.02543808 -0.49964073 0.90293686 0.68766310 0.54413902 0.86662566 2.05604787 0.46664184 1.48600337 
0.27612536 0.18623642 0.33840032 0.31506291 0.53162128 0.57580879 0.33552315 0.71480543 0.36296396 0.54452120 2.29417311 0.12075108 0.89260724 -0.34958890 0.46138962 -0.28848322 -0.04050260 -0.10995782 1.89256256 0.60923693 0.35993415 0.64629609 0.07124771 1.12153999 2.20685730 0.10566080 -0.33190874 0.06991596 2.20502705 0.15984696 0.15291059 0.23323846 -0.00192950 0.84371399 1.40106125 0.10613013 1.33462002 -0.04369168 0.23656545 0.19515562 
1.33488252 0.57184710 0.16306692 0.12114288 -0.27203520 0.40634587 0.19005703 0.50746661 0.90006560 0.43820623 -0.00536547 -0.03749256 0.02188267 0.85284779 0.64643777 0.67282472 0.32151012 0.06408997 1.26991420 0.85763442 1.01736887 2.72168254 0.10218901 0.62447336 1.75149973 0.50842559 3.07858473 0.80749165 1.03684603 0.77568155 0.85547081 0.16941738 1.53328796 0.69144325 1.50003197 0.47707460 -0.81896837 0.32487797 1.12699684 0.04968891 
-1.03030712 -0.71764202 1.11590308 0.09770662 -0.89561372 -0.71948199 1.51145402 0.38461438 1.70435507 0.33903781 -0.98867529 0.89522451 0.69292368 0.67952931 0.03249904 0.33794277 0.24198779 0.44243569 -0.84393403 0.21773449 -0.17155851 -0.28336676 -1.69236351 -0.83916913 1.63009954 0.48992097 0.13867578 2.27506793 3.04386999 2.03308807 0.87533466 0.26963118 0.99449005 1.08470004 0.41786017 -0.49118855 1.14050599 0.00609496 3.10517518 0.20293904 
-0.26848162 0.79843321 0.56113679 -0.05550811 0.99094284 0.17664108 0.53364406 0.47196642 -0.40033228 0.61398667 1.11960242 0.08996521 0.52302778 0.07713138 0.39625893 0.19831592 0.70780257 -0.13812402 1.81078074 0.71009967 -0.02103905 0.93056516 -0.38139288 1.68830416 1.73525879 -0.15494221 0.06744895 0.36026795 1.74106183 1.15460896 0.77289515 0.60396153 0.18628027 0.21323697 0.36047360 -0.61269814 1.36744766 0.17548526 0.80720985 -0.14521191 
-0.09128266 -0.01278592 0.49553683 1.16326938 2.59010020 0.12305588 0.86995100 0.10093969 -0.58745763 0.72712877 1.23151835 0.88307178 0.61544148 1.07545161 0.65967299 -0.43906559 1.66718942 0.13177752 2.01636401 -0.04038851 1.38684999 1.85030461 2.54498462 -1.16350431 1.96355278 -0.57634136 1.02245253 0.66058362 0.96463941 2.30155664 1.00647211 -0.08035358 -1.48606627 0.91930544 1.56247242 0.34257795 -0.57964901 1.52893872 0.07551883 -0.07049150 
0.85708253 -0.54191415 0.11020952 0.02981562 1.40588235 -0.48102699 1.00828713 0.33789426 -0.52629238 0.38981358 0.38322142 0.34991080 0.40795655 1.80553994 0.47243826 0.07107645 0.30574130 0.08583485 0.94173370 0.47044673 -0.91794060 -0.02213299 -0.40638882 0.22455873 -2.15067152 0.96581517 -0.82637937 0.31229934 0.49009388 1.49038098 0.02838868 0.79164929 2.52135034 0.82290137 2.09386122 -0.14820049 0.73553031 -0.18619236 1.60059746 1.79965826 
-2.59977058 0.01463386 0.13171966 0.81877296 3.52032778 0.07791686 -0.83378366 0.20403729 -0.24721717 -0.45135971 -0.28775714 -0.93211125 0.92756405 0.79928791 -0.51249312 0.55458399 0.14402639 0.04547285 0.67015882 0.05677948 1.79235078 0.04463615 1.37637211 1.50547166 -0.42830567 0.09043834 1.29816109 0.00666813 -0.13027471 1.70144977 0.39863318 0.65506384 -0.25606052 0.47043653 0.86336111 -1.43347019 0.69596150 -0.39042679 0.70088488 -1.26388266 
0.11508927 0.88364019 0.49920059 0.38273741 -0.32509657 0.70974091 1.62236931 0.70442402 0.57437816 0.41246722 0.22623282 1.48676184 0.77435232 1.44138977 0.54024389 0.24452135 0.73993245 0.89466722 0.14861691 0.47730300 0.61206966 1.15913622 0.29764258 1.25927466 1.34452147 -0.50161064 -0.17279062 0.15609318 -0.87406628 0.80498571 0.26411826 0.11722088 2.63205705 0.18940339 0.95806762 1.84099002 0.23881297 1.92790827 -0.13214656 -1.04968386 
-0.31413043 0.76949698 0.85549778 0.35530491 -0.13427323 0.26689219 2.11947779 0.19765889 1.19558931 0.26437904 1.04511604 0.35724907 0.59205686 0.33611521 0.36781174 0.45413368 0.34427328 0.32716939 -0.22042019 -0.09217863 0.43821217 -0.00368541 1.98525528 -0.78312749 -1.13001881 0.25291124 0.12022466 -0.03788828 0.59031438 0.53382520 0.76833375 0.00960308 1.79602205 0.51522613 1.62554158 1.25180198 0.92796923 -0.17030327 1.36433093 -0.50823582 
-0.46538512 -0.25344031 0.25288251 0.06103400 1.69301560 -0.02105109 2.87270349 0.66624200 -0.32424356 -0.12985434 0.29431760 2.07407941 0.66779035 -1.56204493 0.54580414 0.35894335 -1.15303347 0.33415028 1.52952374 0.23397617 1.17262262 -0.93967812 -0.51403360 0.76130189 2.09590966 0.33540108 0.31888625 -1.00168752 -0.30290215 -0.94946579 -0.54610557 0.61566543 1.72270248 0.22216568 -0.93598770 2.05203168 1.37507346 0.38890646 0.58681863 0.82636251 
1.46626285 0.76435038 0.06402750 1.03906386 0.49302093 0.35359218 -1.22103990 0.51242939 0.38225854 0.30574785 0.02953304 -0.09324869 0.24119023 -0.03525341 0.23964848 0.22008368 0.57190222 1.78938903 0.81192936 0.74769077 0.86058392 0.08082248 1.40261458 1.77344770 1.18721378 1.07272625 -0.43326370 0.76502336 0.29461476 1.49091047 0.29383497 -0.00319247 -0.13959871 0.34872825 -0.31064400 1.42937485 0.70243429 0.59921210 0.32190003 1.55296030 
1.14856447 1.82912590 0.81377788 0.87144506 -0.31183866 0.63213835 0.84042249 0.43663460 1.39968709 0.54938922 0.96090159 0.59818589 0.50294213 1.03024756 0.26370602 0.46885328 0.69651654 0.33147667 0.69313886 0.03278758 0.39655062 0.27738707 1.58228233 0.97764448 0.34077674 0.75880689 2.28483406 -0.85004748 0.18615847 0.75429555 0.23182462 0.20986331 1.18553952 0.90768796 0.06574555 0.51992109 0.21279600 0.50752464 0.18687455 0.29171887 
1.43360202 0.72333095 0.51056356 -0.05707190 1.57867460 0.21580850 1.82332227 0.54253473 -0.34978381 0.37890030 1.87044788 2.23676865 0.52167600 1.91747385 0.53212627 -0.12221001 0.76328343 0.31679078 2.00058201 -0.03507138 1.45544024 -0.78962321 -1.43838521 -0.24992860 1.08049822 -1.41843683 0.40461040 0.49187493 0.46451204 0.56251089 0.53474168 0.15173734 -0.14405811 0.37409201 -0.43865735 -0.54944624 0.48303302 0.33501303 3.07915939 1.72433915 
1.81106682 1.03590892 0.19199998 0.55956626 1.98474313 0.02297929 0.69490014 0.93083514 0.77915663 0.22863112 0.88093966 -0.00867709 0.88574588 2.42400343 0.38145532 1.71446843 0.29735391 0.71233413 2.60647652 0.65842136 -0.12837559 -0.09396262 1.20966177 -0.17348615 1.89846366 -0.03104749 0.30489708 0.06020109 0.14994539 -0.02209185 0.41321440 0.71607796 0.73231394 0.04231409 -0.12663405 0.36499279 0.89662052 0.34688949 1.46940530 0.89104122 
1.69823055 0.54904900 0.35262636 0.99915038 -0.36646362 0.20741351 2.14743657 0.28376502 0.70494618 0.46829130 0.18338032 0.66439070 0.37174015 1.82228576 0.06991240 1.86616713 0.28753107 0.83744459 0.37236097 0.19600240 -0.18387014 0.53391926 0.19751098 1.65630083 -1.77099305 -0.59581352 1.69482383 1.53588991 -0.43802143 2.49989118 0.33864164 0.91680384 -0.77670283 1.04762778 -0.01627461 1.23767782 0.83049002 0.48657301 0.60727112 1.37310530 
-1.26349119 -0.38287439 1.02362511 -0.23328271 -1.10033268 0.39549226 -1.94961543 -0.28355745 1.73844537 0.39818796 -0.01879742 -0.61354900 0.67560109 1.74978047 -0.06058914 0.38591790 0.16193328 0.47406943 -1.56651264 1.07704896 0.78510287 -0.64414177 -2.00842657 0.87012334 2.05257601 1.28306358 0.75463288 -0.27808911 0.00730805 -0.16435074 0.41062477 0.26283059 1.98311305 -0.19290905 -0.85602679 -1.17517132 0.74568743 0.43240813 0.70367274 0.36683631 
0.28978317 -0.31948826 0.93502628 -0.82355340 -0.62425832 -0.21492549 -0.66437609 0.00922524 0.18050221 0.55684576 1.56498819 0.66473218 0.61900897 0.06791118 0.79058881 -0.17091809 -0.64987328 1.16584633 -2.10562757 0.34343342 -2.40378623 -0.33613830 -0.78684338 0.31170453 2.11821000 -0.11922306 0.96633670 1.53860431 -0.26249055 -0.70112508 -0.29866640 0.89010383 1.64620511 -0.26530283 -0.44022620 0.09307121 2.69481434 0.69111870 -1.26253275 -1.62753949 
1.30644067 0.68509882 0.99763335 0.71078947 -0.35102692 0.71093953 0.34552177 0.84518012 0.46766647 0.44146634 0.86742188 0.48011937 0.24238422 1.20305912 0.76883704 0.01508833 0.41760343 0.06234177 1.44247806 0.46499757 1.16619888 1.15729685 -0.15536926 0.04526452 0.60516274 -0.18226334 1.02242558 0.53922590 0.99269165 0.62436888 0.61378084 0.05148242 -0.37932578 0.45241717 0.42000914 1.69123925 -0.11864385 0.24739478 0.63192428 0.16357415 
0.97474077 0.02781499 0.83797007 0.55883518 0.53760974 0.48609127 0.56924381 0.46390137 0.44185665 0.39751406 -0.51875569 0.08389613 0.59508083 0.45304571 -0.07010965 0.60824906 0.26215470 1.02188487 1.23258253 0.22252700 0.35261145 -0.84571400 0.10581540 0.73395252 0.88715729 0.09014998 0.84374879 1.33050283 0.03025792 -0.09032278 0.02743323 0.08456584 -0.83855109 0.81840021 1.37436069 0.63800829 -0.07192960 -0.43532440 0.61703283 -1.44624916 
0.95291563 -0.73381454 -0.58522781 -0.16412512 -0.64155424 -0.05774012 1.04910640 -0.00676590 1.50101003 -0.14829097 -0.82423191 0.40586301 0.81138106 1.82434623 -0.34693569 -1.32685987 -0.39360419 -0.44664161 -1.59553248 0.61857600 1.06046328 1.52499974 0.93124745 1.73196495 0.63774234 0.09646379 -0.44229242 -0.85812294 -1.31276301 -0.03462218 -0.03966178 1.16860985 1.34829743 0.70008589 2.02106749 -0.88895048 0.01800610 -0.05994968 -0.16581810 -1.14272112 
-0.21408223 0.39523098 -0.18058651 0.16497891 1.76114043 0.08227669 0.84682975 0.06580692 -0.60710205 0.37101877 2.03115204 -0.06410200 0.39622558 -0.96590222 -0.11396882 -0.95671985 0.57836351 0.49848863 2.26765490 -0.00929432 0.92528234 0.62429425 0.25108960 -0.87665844 0.43990410 2.99855550 0.76680130 -0.11543739 0.74906600 0.84247738 -0.19417529 -0.14030457 0.55214654 0.20443192 -0.18531510 1.49063839 2.04088715 -0.07932094 -0.06507192 -0.03947943 
0.92599914 -0.06824790 0.46345743 -0.02142879 0.21101486 0.43651673 0.69800319 -0.21412692 0.62027088 0.41982810 0.85164040 0.18698513 -0.55154423 0.24634782 0.91358654 0.29895369 0.23195894 1.04380169 -0.03858537 0.13772607 1.01533586 -0.29746153 1.19085012 2.86379703 -0.01695779 0.67064095 -0.72248093 0.05312737 0.85583690 2.32124092 0.28646785 0.02498603 -0.87580576 0.22143828 0.13506081 2.11870610 0.49325451 1.62808605 -1.03413727 1.98269961 
-0.09373858 0.24939952 0.55451129 0.00443057 -0.44106527 -0.04667854 -0.30629951 0.04716897 -0.35228820 -0.03894526 0.19216383 -0.28026701 -0.70467769 0.74328303 0.40263459 0.21842843 -0.06526415 1.68687078 -1.05444134 0.13252904 0.81999085 -0.08773274 1.48315611 2.41019548 -0.09535719 0.84322128 0.14471760 0.11858347 0.35265520 -0.04601308 0.44183836 0.14164349 0.16157077 0.75164021 -0.12899259 1.10359372 1.23464727 0.20392429 -0.51507934 0.17911890 
-0.57369952 0.18814135 0.58001414 0.71631341 -0.26332200 0.78617089 0.18498424 1.00397263 1.54320335 0.11473018 1.01268944 1.16262421 0.07776744 2.22315464 0.71724109 0.15687027 1.75024680 0.14988753 1.03442673 0.25679375 2.98795208 0.81082373 -1.30505074 0.04894139 1.74492639 0.93582912 0.26010858 -0.03072926 0.90004343 2.14648274 0.35262204 0.24678741 -0.05325198 1.35924641 -0.40399052 -0.45463370 -0.37193341 1.03476433 0.38398101 3.49579833 
-0.40008897 0.20172226 1.19731399 0.25033803 2.03523172 0.29810074 -1.18743335 0.79581248 -0.20049631 0.35565565 0.01134938 0.63651147 0.16051839 1.30536161 0.93170900 1.54754661 0.05190578 0.16647831 1.33902249 0.91912937 1.06729738 -0.44081701 -1.52358102 0.10183703 0.08354642 1.02927445 -1.03722839 2.43507411 1.56877066 2.44433919 0.43534417 0.12191606 -0.82767623 0.72242631 0.01445837 0.68901712 1.27334121 -0.01444085 -0.18642910 -0.71751348 
0.75050923 0.50532196 0.24625873 0.88159373 0.28712028 0.34450343 1.44088295 0.04727348 -0.06646814 0.57204315 0.55073989 0.58342169 0.35773849 0.00176372 0.23418629 1.75225148 0.52536218 0.11828468 -0.67525681 0.25634174 0.18720371 -0.00346813 0.07053781 0.09572351 0.52440287 0.50290907 2.07947723 0.08635740 1.32116976 -0.55539459 0.38459039 -0.03399076 1.44013278 0.97246335 0.84650100 0.80227404 1.27763694 -0.16685610 1.20628905 0.18352696 
-1.24067046 0.73860634 0.25558785 0.61539440 0.13839585 0.61455642 1.74609793 0.05137686 0.61789864 0.42714111 -0.64653351 1.93816349 0.67780565 -0.87341269 0.31077686 0.88904800 0.65365277 0.27381277 2.60005944 -0.18706969 1.11048118 0.50113169 0.02490325 0.34004927 1.75653541 1.61351909 -0.13893305 2.21127993 0.87745753 0.14500333 0.13025342 -0.11123778 -0.76672617 0.72081750 -2.02351528 1.68574055 1.00493389 -0.01213836 0.80260281 -0.54981587 
-0.62217708 0.19551304 0.95240853 0.42230474 0.18877633 0.67305788 1.61382999 0.60979024 0.70784171 0.68825511 -0.59152541 -0.06806614 0.22138639 0.92618444 0.22427453 1.83839336 0.40481287 0.24052082 1.83295116 0.42024395 0.90855034 0.83734152 -0.29535142 -0.59599199 -0.11876686 3.79136395 1.17648262 1.13640652 -0.35414942 -1.66160847 0.26951357 0.44810232 -0.56044824 0.68733245 -1.34499357 -0.65472341 1.90339710 0.43967534 -0.03224979 1.18052116 
1.11417206 0.32490669 0.51708434 0.33242092 -0.67848388 -0.08521457 2.43912439 1.03374241 0.33683812 0.76082042 -0.26395807 0.35540260 0.26081568 0.47059658 0.01873414 1.17291350 0.88520682 -0.00275798 0.56968944 0.26674204 0.70328492 1.66232088 -0.88381974 -0.00491855 2.32515295 2.32572974 1.10769703 1.56573726 0.33091227 0.06951298 0.39966068 0.07986907 2.20684946 0.37348514 -1.27268022 -0.80487451 -0.63619890 0.59315012 -1.36981705 -0.06357438 
-2.13168302 -0.92039340 0.55233440 0.06845184 -0.20820647 -0.29935528 -0.73099553 0.52464871 0.37161575 0.56346269 0.52739802 -0.42457976 1.05490165 0.93156581 0.37764424 -0.11685174 -0.11875042 0.19524493 -0.59411635 0.68775762 0.90452743 -1.21420082 0.76237700 -0.38982515 0.01180832 1.79985845 1.16440772 3.13599071 -0.43056303 -0.49643591 0.13709882 -0.49582183 0.75813048 1.23394269 2.71679400 0.57219113 -0.29004734 -1.22131317 2.79889363 1.08499629 
-0.91023742 -0.10440429 -0.09541214 -0.40829240 -2.23993198 -0.43525489 -2.43450504 0.02519970 0.46542716 -0.05855244 0.45731948 0.00665577 0.38859108 -0.24547577 -0.27222431 0.16036176 0.36945546 -0.01157264 1.52301347 0.26605553 0.94922195 3.19495660 0.21465840 -0.80317020 0.33344244 1.36715848 0.89565061 1.76675767 0.23843381 -0.68122934 0.07514659 -0.44095378 0.89949136 0.23736425 1.25011035 0.10110032 0.45206151 -1.08230838 1.55221440 0.54395222 
0.88974739 0.90642967 0.28074877 0.87456450 -0.23920977 0.33428466 2.33036918 0.51956645 -0.26200247 -0.00089830 0.16058518 0.52930867 0.94570183 -0.13225116 0.02762195 -0.22218238 0.43914745 0.80255757 0.51555648 0.01160602 0.32546243 0.16117954 1.59931172 0.25441094 0.81472502 2.40394309 0.28621245 0.88286318 0.08629719 0.53949705 0.14403466 0.51460250 0.32407024 0.20240445 -0.00118763 0.52713744 0.51190124 0.42575431 1.92096273 -0.61304791 
1.85468180 0.36629080 0.23355435 0.59525678 0.19895375 0.16287864 0.80036882 0.66529425 -0.29683967 0.43734202 -0.00071021 0.81164161 0.42035714 -0.66876465 0.97573895 0.95373603 0.46968954 0.98165903 0.58469773 0.19260582 0.04879117 -0.14980852 1.30684562 1.01255627 -0.18203428 0.92616192 0.46736315 0.59525065 -0.05984177 0.12718285 0.26880133 0.16165401 0.15307468 0.52900293 0.81267860 0.01658093 1.19191496 0.07081927 0.62965417 -0.32175623 
-0.69170474 1.11567944 -1.15345892 -0.92699945 -0.52388418 0.24906434 -0.32789117 0.68654151 -0.49169917 0.86496624 -0.58522817 0.61447586 0.76086739 2.35846767 0.39572625 1.41960365 0.08383149 1.22480352 -1.33598822 0.21516838 1.10006783 -0.04323257 0.64494176 0.32466447 1.27129243 -0.54863339 1.75808198 -1.05818784 -0.85408585 -1.14485013 0.29830709 -0.16563034 1.29228120 -1.21208640 3.85185712 2.12420657 1.92038414 0.65945088 0.82759875 -0.02761067 
1.16174179 0.70626254 0.66386447 0.86683341 -0.17181745 0.66206484 0.55786097 0.16715626 1.64188230 0.20047127 1.70813138 0.19039906 0.46932370 0.36692845 0.06061709 -0.14822817 0.85417615 0.47255935 1.03885199 0.18185491 -0.30784182 0.97845170 0.75156627 0.38834022 0.20050013 1.26837366 0.24742635 0.37687508 1.13604950 0.71988491 0.25581921 0.02270926 -0.22185357 1.41573418 1.11941411 1.23336545 0.11533233 0.56713633 -0.49387318 0.73548864 
1.85402471 0.40882765 0.98174529 0.11257047 -0.34856412 0.08470807 1.52165629 0.82980792 0.56866357 0.29969214 0.01492833 0.23148004 0.79183584 0.77692100 0.01988902 -1.08938752 0.83735153 0.18732704 1.30626881 0.01293824 0.27823311 -0.48750645 0.08008203 0.50347798 -0.89799180 0.77476534 0.63578526 0.97996438 2.18168920 -0.13634430 0.82186082 0.53186150 0.93207655 0.71738912 -0.14780198 0.09579906 0.02205159 1.76411568 -0.65737096 -0.31616625 
1.12394009 0.45183988 -0.32804045 -0.78888452 -0.28130054 0.20157872 -1.94255358 0.58695759 0.40467598 0.22881432 1.11415174 0.83993576 0.73294401 0.10092648 0.18904333 0.33929833 0.33653069 0.08794614 -0.90960721 -0.40643508 0.40804138 -0.69201803 0.89024195 -0.64724069 1.16559404 -0.58767025 0.54687570 1.04847887 -0.92755954 -0.33230718 0.57829401 -0.73455585 0.55574405 -0.80148901 2.54598340 1.88503339 0.91693501 0.25323878 0.42128695 0.55862450 
-0.00290282 0.04422166 0.21206849 0.21286937 -1.89562647 0.73982716 -0.35299438 0.40017226 2.17592780 0.15582266 -0.47817830 0.39690415 0.45418420 0.74929584 -0.07426548 1.79097209 0.46020594 0.56650829 1.55278782 0.12398645 1.05438737 0.97690556 0.16133875 -1.28343820 1.01603241 -0.68892305 -0.09576077 1.01700244 -0.97129298 0.23839094 0.32331954 0.39257107 2.21854044 0.85782652 0.49459039 0.10177113 0.59613051 -1.23389415 -0.90277354 1.99522443 
-0.60410163 -0.18249412 -0.29691299 -0.48416908 2.14959969 0.19607328 0.14723125 -0.62151152 1.17572084 -0.36610254 -0.98390602 -0.51288645 1.21900137 1.09027841 -0.35530164 0.75558629 -0.23687054 0.88379447 -1.10527846 -0.32169441 0.21652798 0.18576207 -2.34805716 0.28223687 2.40184175 0.05687836 1.31351665 -0.84488683 0.54676990 1.73315083 -0.19320869 -0.25198162 -1.61021579 0.78730112 -0.48298341 -1.05593971 1.57785458 -0.68565875 -0.31776336 0.34855026 
1.17296737 0.41251059 0.17978092 0.17258399 -0.63458615 0.22790654 0.18411775 -0.06104191 0.47921815 0.41163410 -0.08898001 -0.31809283 0.75286103 -0.51525846 0.68899644 -0.46453809 0.14012762 0.44625898 1.66621586 0.35079375 -0.09924466 -0.56537676 0.38734067 0.96628381 0.45558502 -0.15179750 0.75624385 0.89481661 0.39716501 -0.28254514 0.64415930 0.35667093 -1.46759463 0.89338276 1.37214129 -0.11594658 1.14324955 -0.35765468 -0.41134457 -1.27931770 
-0.94090536 1.04508357 0.03151378 0.01172098 0.56281161 0.80406066 -0.87258684 0.79387823 2.20165657 0.41634131 3.06778159 1.05934924 0.34026163 -0.73620318 0.44655860 0.45254919 0.39461294 0.23513144 -0.16525403 0.86732378 -0.64779006 1.45605064 0.47292533 0.17501568 2.29503224 1.25299680 -0.63516350 1.92226825 -1.28735236 0.54700500 0.43566252 0.17542725 -1.48346696 -0.16860413 0.20165286 1.21435614 1.39126401 -0.14857729 0.16740400 2.19272528 
1.27296251 -0.41478687 -1.50978019 -0.71000014 -2.57737816 -0.12831339 -0.05665106 -0.64025277 -1.71018066 -0.43963805 -0.68894751 -1.53649309 1.41355933 -0.47209505 -0.43536337 -0.18394736 -0.71979744 -0.71049070 0.12278849 -0.33119642 0.65830431 0.65808670 -0.61037031 0.46479523 1.51257846 0.59667795 0.31842442 -0.55111593 -1.18703514 1.26404560 -0.33300864 -0.93086333 -0.87927715 -1.27907743 1.29202059 0.09373172 0.19139929 0.33319167 2.14683740 1.13042996 
-0.56026545 0.36303291 0.42005952 0.45536260 -0.16471815 -0.06437494 -0.45879179 0.47700870 0.60210188 0.34706190 0.92312241 -0.34646764 0.83852161 0.21726982 0.28967923 1.43531067 0.23415074 0.26560274 1.30816324 0.49045702 -0.21370518 -0.06119462 0.24400927 0.38825899 1.48009190 0.30483426 0.88333027 1.69420563 0.50715606 -0.65400335 0.49018972 0.83163961 -0.62697215 1.58698932 0.99085457 0.76422816 1.00218608 -0.00914124 0.49905137 -0.78612136 
-1.21799132 0.42906495 0.91126498 -0.00233930 -0.54418071 0.48569882 2.17582073 0.57872268 0.99627406 0.24265052 0.86362928 -0.24704413 0.01375609 1.16520829 0.57361179 1.87873837 0.73678282 0.72145027 1.26646419 0.37487281 2.04165918 1.94137678 0.23419227 2.48234607 -0.00591625 1.05371577 1.13010973 -1.20878522 1.35568718 0.38402077 0.46092127 0.78150312 -0.88063123 0.30419998 0.90832391 0.85964916 -0.35004280 0.38515702 0.67874477 0.18161666 
1.02953873 0.42081686 0.28116905 0.29841844 0.03447974 0.14708899 -0.06300354 0.29033550 -0.27138321 0.34078445 -0.57685968 0.53592171 1.15384644 -0.82267386 1.10032411 -0.05012161 0.05938431 0.33366480 0.79657555 0.52601450 -0.27573568 0.50934842 1.24632659 0.43429503 -0.36859852 0.65924040 -0.07694619 1.04890493 -0.16376172 0.07596324 0.83888052 0.13183407 0.04746276 -0.11323330 0.51276621 -0.08610869 1.41667418 0.68424601 0.32042485 -0.01552142 
-0.41342784 0.18209109 0.53016801 -0.21708834 3.30540298 0.22096208 2.20969847 -0.08314623 0.57661788 0.77179054 -1.04821862 -0.02646322 0.41569887 -0.20374770 0.61057657 0.80928359 1.40670001 -0.23023915 0.69937844 0.51783295 3.46971281 1.31852761 0.83777062 0.09101024 -1.61991080 -0.11699074 0.25620692 0.53085188 1.01600579 0.13227516 0.25876946 0.52880436 1.76462712 0.62089242 2.56027840 -0.44939856 0.37159628 0.40037598 0.40687798 -1.61817254 
3.42994864 0.40344112 -0.21473720 0.35450162 0.52331983 -0.29646172 0.81376832 0.64024180 0.08795448 -0.38507350 0.57538916 -0.00725011 1.03929349 1.50090943 -0.35423574 0.55779401 0.33880020 -0.50846821 -2.00063831 0.27913762 0.47505564 1.21523404 -2.94223112 -1.40603905 0.14158947 -1.26899466 0.23371071 0.19832924 -1.04036254 0.48913356 -0.46519869 0.38035758 -0.63829835 -0.74794773 0.67606248 0.41729793 0.91421165 -1.16904927 0.23605444 2.40501952 
0.59700978 0.26670192 0.39496725 0.75010140 -0.33055379 0.50915592 -0.74789516 0.37628522 0.84569004 0.69452204 -0.30320936 0.75944606 0.81024518 0.54323898 0.29398710 0.23941793 0.87790427 -0.00746985 2.60474647 0.86371161 0.25899586 1.65479363 1.57998107 1.50045669 -0.28417852 -0.19219190 -0.70824088 -0.52561884 0.26758981 1.70195780 0.17624815 0.33516930 1.78383042 0.77996362 0.63748942 0.00161646 1.52403817 1.10444984 -0.35611272 0.98732122 
0.73130506 -0.00780332 0.79522289 0.24921632 -0.73411135 0.05571042 1.33820118 0.73017529 -0.29027913 0.90975745 -0.34461580 0.12415720 0.93529893 0.84321218 0.74889813 0.09122736 0.64209486 0.08424358 0.54092743 0.70609260 0.83847239 1.73725527 0.51432888 2.18502975 0.10416107 0.14838213 0.26346907 1.71992355 -0.98429056 0.60638818 0.49678530 0.73806957 -0.02474520 -0.16893916 -0.14496909 0.54577560 -0.55735778 -0.37283613 1.68361709 1.26233695 
0.21092907 0.30991640 0.02467224 1.12834466 -0.71639095 0.11259945 -0.14273528 0.44387920 0.77437127 0.24307859 -0.15978879 0.54456120 0.60579686 0.11241036 0.51426803 -1.01185933 1.51615426 -0.10733750 2.74046750 -0.38498093 0.47043023 -0.27805864 1.81383255 0.98776639 1.06990755 3.44163143 0.14168470 1.31409532 -0.81575155 0.50058305 0.56888368 -0.27455070 0.35328064 -1.93379516 -0.51119202 0.37536059 -0.56559986 1.02353706 1.95321469 -1.19843952 
-0.00553881 -1.46380022 -0.90304187 -0.19799730 -0.79694325 -0.96047255 -0.18895893 -0.93168472 -0.45766906 -1.33289518 1.77610328 -0.47755865 0.77886474 -0.14799774 -0.92345582 0.18174570 -0.89151420 -1.28198028 0.64943853 -0.24530673 3.02542755 0.35884144 -0.84065182 -0.65563042 -0.35175991 1.44323908 0.04248377 -1.51185508 -0.41585047 2.15949247 -0.43491597 -0.68267639 0.36516139 -0.49275511 0.51241652 -1.39930080 0.60598231 -0.11656317 0.68242213 -1.04552378 
1.34640814 -0.06927554 0.53013914 0.84874456 0.64814657 0.13153362 0.17408314 0.53142799 0.02486872 0.16011828 1.08348869 -0.28349583 0.78666371 -1.49601295 0.21761984 0.54246474 0.25133417 0.12415026 1.77624333 -0.09104700 -0.24815049 -0.68484721 0.18783873 -0.40096564 0.92559187 0.64875710 1.41412578 0.11878892 1.91396129 0.78771053 0.34005787 0.07361422 -0.62330996 0.65439900 0.41515508 0.11180417 1.27793467 0.51898245 -0.07156630 -0.36096741 
0.43592040 0.52063194 0.12872030 0.17607860 0.12928203 0.22852107 -0.47992609 0.70747919 0.49122091 0.05415756 -0.27808683 0.46455205 0.97251305 1.75227637 0.74946408 0.15261827 0.35132431 0.11873407 1.89859342 0.25995199 0.85030713 -0.38014100 1.91726880 0.42818010 0.49579414 -0.80423460 0.11740732 -2.08034646 -0.05078323 -1.51939343 0.17631803 0.97788520 0.00119432 0.43811337 -1.08516062 0.19823393 1.23574875 1.13768580 0.76021008 0.71411167 
-0.59459843 0.38149646 -0.21352311 1.10299224 0.25475381 0.22229056 0.11585449 0.32301723 -0.61717804 -0.29039576 -0.75153051 0.27297025 0.74933561 -1.61959897 0.45658884 -0.46297510 -0.41935118 0.03934020 -0.28051957 -0.24910603 1.06819995 -0.16909424 -2.67545624 0.26696578 1.23617177 1.41305857 1.58148344 0.08462609 -0.74206999 -1.16603608 0.80630246 -0.34143356 0.42330491 0.09240057 0.78565460 2.01580371 2.29148976 -0.08906348 -1.82317915 2.13927263 
2.66445835 0.49185199 0.61353606 0.49508386 0.26883289 0.08560970 -1.19454654 0.22921404 -0.45750575 0.77449511 0.96324274 0.04312046 0.80280360 0.47259632 1.04511845 1.24219969 1.19173406 0.19789379 0.41924211 0.28247589 0.09298820 2.04567910 -0.17413440 0.74977017 2.22189381 -0.20512963 1.30537328 0.85811456 1.34618878 -0.45439378 0.75841171 0.59796911 2.05821649 0.85216762 0.37877778 -0.92286071 0.58586293 0.44542556 0.66377922 0.77829087 
1.13599660 0.01513125 0.02508098 0.70280253 0.59081091 0.74418891 -1.06707753 0.66893896 -0.42958095 0.01699522 1.15329261 0.36984251 0.10726368 1.10434509 -0.22175758 -0.00508192 0.29335217 -1.02034816 -0.50436610 0.64305211 1.37290053 -0.30382423 0.50071565 0.64525788 0.13493286 1.93513368 -0.09884115 -0.09553512 -1.35011599 0.34688928 0.29938340 0.42237521 0.55882642 0.55886604 -0.03399776 0.29036716 0.61873020 0.05219247 0.15925570 0.76946450 
1.34771320 -0.10156800 0.81095456 0.56393161 -0.50740166 0.70930239 -0.32862446 0.92160485 0.45995587 0.76459988 0.52263255 0.70826310 0.95774381 -0.07554792 0.96285596 0.65771440 0.11144014 0.38489848 1.65378170 0.51424237 -0.99964255 1.32183624 0.20844630 0.92403299 -0.83650110 0.69561680 0.57491730 1.03185692 -0.77053301 0.21778755 0.58797217 0.08481048 -0.37362519 -0.09874157 -0.35805366 -0.05461310 1.59468529 0.09036774 0.55760121 0.88602110 
-0.20866828 1.49821526 -0.54392955 -0.51070166 0.73637331 -0.03960287 -0.35123766 0.76121960 0.15591595 0.47193210 -1.66967392 0.18695719 0.74551152 1.61312562 0.57508423 0.04695552 0.33320928 0.69726912 -0.71966155 -0.46723372 1.61421229 -0.55817837 1.66976473 1.79546162 -0.01123923 0.01339388 0.60043900 1.12858456 1.87707395 0.44514271 -0.30786772 -0.00961235 -0.00637494 0.09645114 2.18898766 2.10604574 -0.19022184 0.05061862 -1.62702180 0.11642164 
-0.20836018 -0.31630786 -1.70518234 -1.46633837 -0.38791541 -1.37923938 -0.37917325 -1.19529764 -0.11907421 -0.80792341 -0.33794763 -1.05481403 1.15664996 -0.40250966 -1.28042724 -0.18225927 -0.78574136 -1.03940394 -0.12591458 -1.86827998 -0.53042151 -0.34851335 0.45578595 -0.46887601 -0.52178711 -0.37465977 -0.28757158 0.09749135 0.32262919 -1.47818785 -1.85735031 -1.04515551 -0.10557897 -0.67906455 -0.58121793 0.40035100 -0.28367355 -0.46117070 -0.53873906 -0.23691360 
-0.35182053 -0.59766851 -1.72956985 -1.74439040 -0.29632661 -1.66853864 -0.59623177 -1.36880058 -0.00940641 -1.39568749 -0.19702548 -0.82302525 1.45861637 -0.00636564 -1.34471021 -0.21229436 -1.61610326 -0.62102184 -0.27783774 -1.82964557 -0.67035477 -0.25871794 0.33870759 -0.59923919 -0.30665531 -0.53303590 -0.36229784 0.05966630 0.24280357 -1.59320068 -1.94743020 -1.17724946 -0.00088321 -0.40534805 -0.63162120 0.09871457 -0.44121200 -0.61471441 -0.28327519 -0.15704138 
-0.13849466 2.03280361 -1.04342910 1.39476771 -0.69185658 -1.47780660 -1.28935682 -0.56245154 -0.62094311 1.16445295 -2.20699859 -0.40158303 0.83113401 0.62262046 -2.76199276 -2.32182432 2.18777284 0.13179656 -1.49013360 1.18581243 -1.09860839 -1.43100526 0.87723372 -1.49017088 2.58777523 -2.18314218 -0.64829319 -1.11391703 -1.59987339 2.11715231 3.46045666 1.69789923 -1.30968021 -2.60992822 -1.39320976 2.33177592 -2.26721775 2.07139791 -1.00470205 1.27817449 0.97278801 -0.86195822 -2.40392715 0.64933485 -1.08414835 1.16641718 0.77767618 -2.05952662 1.70367401 1.25380641 -1.76073590 3.36715549 -1.15723541 -1.74981959 -1.64082875 0.66130776 1.01898965 1.13994862 -1.84198837 -2.01829181 -1.20773742 0.30041453 -1.14576075 1.85407223 -1.00272538 2.17755551 -1.40194845 0.46722868 2.95760245 -1.87953092 -0.22866466 0.70379975 1.86415800 -0.59078433 -1.49656220 -1.71044560 -2.16117475 -1.45049841 -1.33648405 -1.31731939 -2.14612688 0.35481844 -3.03961232 -1.17562381 -2.03364536 2.21134596 -1.81521033 0.16848915 0.56035666 1.74407232 2.22004403 -1.26125383 1.03302234 3.01853937 -1.01975277 0.65688910 1.37498658 -2.74984177 
0.33039476 -0.20227291 -0.20364181 0.12087771 -0.53156581 0.65557710 -0.30981757 0.45680023 0.50395255 0.69764103 -0.84169489 -0.29147660 -0.12972915 -0.15587661 0.66349710 -0.54062812 -0.54638061 -0.04278011 0.00237592 0.47970433 -0.18776998 -0.01173096 0.69381232 -0.66544041 0.39740613 -0.44891475 0.28941512 -0.26800292 0.64500223 0.17874707 0.62199778 0.18635261 -0.66160220 0.35458625 0.07782366 0.21987673 -0.33881680 0.39203963 -0.12681466 0.00288244 0.10655079 -0.36756494 -0.29834200 0.88314853 0.04826998 0.41996237 1.78814265 0.47576511 0.52468528 -0.51322379 -0.62544114 -0.26676221 0.96907321 -0.01973980 -0.70596720 0.33384187 0.59985681 -0.23209594 0.33755390 0.00744957 0.69926807 -0.61121124 -0.23038946 -0.22299170 0.41930323 -0.45326118 -0.64011758 -0.67743747 0.40574479 -0.44533127 0.51011212 -0.11507242 -0.21387331 0.72940451 -0.17417460 -0.44064050 -2.52148388 0.30880931 0.19340345 -0.30612148 0.16175349 0.70202952 0.01039097 -0.01184096 -0.28717069 1.00102257 0.00117878 0.24192426 -0.16997764 0.21383177 -0.26054624 -0.03958263 -0.10963906 -0.64308060 0.95518635 0.27468037 0.90572355 -0.32252809 
0.34550311 0.07655384 -0.31102696 0.81008008 0.03277554 0.21872590 0.46751690 0.62189823 0.22305040 0.90596476 -0.49349239 0.11235037 0.09853060 -1.12067229 -0.16108055 0.08434093 0.02342030 0.36587928 0.47245777 -0.12913198 0.50094864 -0.69481139 0.05820685 -0.23376648 -0.11430133 0.98104421 0.37839354 0.51759242 0.80042911 0.62117456 -0.72291460 0.36713865 -0.50873015 0.57086487 0.38432732 -0.07798466 -0.40142587 -0.26299529 0.34427352 -0.09011732 0.00251832 0.22570231 0.06363380 0.29811193 -0.10237903 0.74548925 0.38317020 0.07634817 0.38747990 -0.18404976 -0.20458600 -0.23903552 0.33558154 0.53685369 -0.36110809 0.68999928 0.48086525 -0.17167447 0.02010560 0.20837404 0.38880192 0.00017064 -0.50214877 0.66460850 0.57387100 -0.23854859 -0.30714037 -0.11298671 0.05992533 0.21549692 0.50768871 0.59614015 -0.04090942 0.25844211 0.26453816 0.35584693 0.44337154 -0.07539152 0.08347188 0.39075007 -0.09136805 0.59334840 -0.66170309 0.49481015 -0.47783288 0.47514336 0.21241747 0.71312238 0.21285437 -0.21044070 -0.05469594 0.38709003 -1.65798082 0.23595263 -2.95464219 -0.11037892 0.47111643 0.11781800 
0.69208752 0.72836100 0.33866778 -0.15698265 0.43917019 0.13041114 0.45167862 0.18932229 0.20741682 0.47284993 -0.01594128 0.11440058 0.49964063 0.62510003 0.13607713 0.29706868 0.27267695 0.40148985 0.10732618 0.42827198 -0.29208220 0.66734505 0.69562697 -0.28463545 -0.11022838 -2.12680843 -0.13013536 0.53568351 -0.02157191 0.29018214 1.36467797 0.54708601 -0.16231228 0.42655139 0.37084564 -0.45320026 -0.12184960 0.31948699 0.72263492 0.46628243 0.97692731 1.18400065 0.56532420 0.19077884 0.25646392 0.41739239 0.09621884 0.48678285 -0.13337151 0.14353051 -0.09262143 0.44824782 0.33429737 0.46229980 -0.50941894 0.13756535 0.55736613 0.04122097 1.25228621 -0.02958142 0.43226093 0.05231442 0.09461130 0.35403488 0.74756770 -0.33472585 0.19374679 0.00528655 0.71056049 0.50161278 -0.03221749 0.58871801 -0.02060179 0.84249983 0.49457937 0.51290991 -0.35837135 -0.40863307 0.13226830 -0.25451943 -0.21702945 0.67688252 -0.28928090 -0.00141740 -0.49918028 0.30144461 0.48181174 0.66470496 0.07944352 0.73283839 0.14710629 0.19235320 0.53848350 0.13966993 -3.73450291 0.31092136 0.20433504 0.05020753 
2.03785524 0.53494856 1.53381466 1.35232598 -0.87197185 2.36340597 3.19473401 -1.13029804 -0.03769246 -0.77703737 -1.88102787 0.10882802 -2.48420194 -1.75043052 -0.36094136 0.55127770 1.69904108 -1.31390917 1.48785119 -1.71261570 2.57268180 -0.93731025 -0.08766926 -1.16465666 -0.54968178 0.23152157 1.39359345 -1.76061943 0.42876208 -1.47828881 -2.26328922 -1.36691726 -1.95474381 1.34809224 1.41652701 -0.13232038 -0.53408642 0.36872289 1.24548576 -0.58641875 -0.17790183 3.56683433 -1.53467068 -1.74184786 -0.84180902 -1.41334590 -1.44825306 -1.34412595 3.39834709 -1.16214197 -1.60128126 -1.15679393 -1.66495202 2.07402988 -1.54731768 -0.87575444 1.58492760 -0.81289045 3.39763536 -0.41560873 2.87757795 -0.47156346 -1.52821947 -0.52982198 -0.64965054 -1.03140641 0.37502405 3.42854120 1.40883440 0.54661529 -2.04878316 1.36262488 -1.51076462 1.81091406 -0.43879523 -1.56353269 -1.02305043 2.76066708 -0.18563173 -0.30047530 -1.33066640 -0.53375926 -0.19786888 -2.23701841 -2.18347292 2.62436403 -1.37270351 -1.54035148 -1.28568878 2.17946701 -0.82571749 2.53197428 -1.29502984 -1.85131083 -2.09875349 2.36826156 0.20263976 -2.03379273 
0.29250579 0.28771327 -0.02523598 0.71050431 0.11334943 0.71446670 -0.22237862 0.48005619 -0.05028929 0.37784785 -0.01360224 0.04655632 0.54902180 0.21103026 0.70526753 -0.36504620 -0.07899449 0.87290821 0.47600041 0.60370202 0.35929018 0.25209486 0.73372041 0.35171384 0.11165531 -0.44562855 0.81591766 0.70985623 0.53737014 0.08074366 0.41330675 0.93027075 -0.07821669 0.41829293 0.46891585 0.33247574 0.73108359 0.62749101 0.30366375 0.28234844 -0.06276072 0.26752904 0.19861224 0.32873669 0.13158960 0.48415088 0.72911137 0.75727106 0.03232671 0.72359336 -0.11128235 0.15276803 0.58773574 0.15031956 0.35024868 0.33167623 0.57939070 0.45696721 -0.47178407 -0.16311387 0.65745992 0.70292115 -0.18788200 0.61797733 0.31272804 -0.02142154 -0.20600355 -0.15830312 0.27799493 0.13516873 0.66067817 0.20693687 -0.17944569 0.30796938 0.30088938 0.53529432 -2.01722051 -0.13910419 0.10321811 -0.10919203 0.87558851 0.47378203 -0.01729154 0.70685381 -0.67542962 0.38413796 -0.08594641 0.42267372 -0.10178925 0.90732145 0.55104074 0.90543415 0.77160937 0.05361757 -0.34563103 -0.20305827 0.19112875 0.42930515 
1.24666757 -2.51894735 -2.57268339 2.16528101 -2.03501854 -1.65945866 -0.11868155 -1.58608100 2.28556583 -0.66762606 1.59662823 -1.83172864 2.25408735 1.94983712 0.46165371 2.84512805 1.50501023 -2.39072854 -0.34298456 2.23962354 -0.93386334 2.24199057 -0.43242178 -0.34939990 -2.44441418 -2.27125658 1.17168312 0.56389744 -1.40603521 -1.41795593 -1.39185888 3.73727718 2.85642953 2.33734741 1.25216360 -1.06780789 -1.57435655 -2.59022893 -1.93431501 -1.60408856 1.39747175 -1.61856557 -2.14633310 -1.79465419 -2.36196997 0.82542129 0.29742965 -0.43855304 0.91866719 1.60842138 0.04671967 1.96233953 -1.90892530 1.41651975 -1.10285855 1.28020008 1.81037974 0.90535993 0.61641414 0.00630189 -1.28709080 -1.33222468 -1.80945330 0.33139412 1.18443806 -1.37791561 -0.37775364 2.02700291 0.28523527 1.82247441 0.05881979 -1.21376514 0.14833077 -1.32068901 -2.42999933 -2.19532265 -3.81528247 0.23640154 0.78037621 -1.15181300 2.26954363 1.10505911 -3.36759279 2.28032167 -2.42449286 -3.31057136 3.26785197 -2.01401935 -1.82393115 -2.13579816 -0.41864602 1.85878532 -2.94201474 1.50921529 -4.23686377 -2.11492728 0.48377596 -2.12575749 
0.70817255 -0.03270774 -0.49946602 0.45182988 -0.02115995 0.77197750 0.42167324 -0.07413898 0.69750316 1.10152890 -0.19430253 -0.24031745 0.14485908 0.17466202 0.21274107 0.28395888 -0.57183463 0.11185796 0.35643213 0.05654621 -0.06141458 -0.08303870 0.67866527 -0.23255909 0.73296202 -0.78780006 0.10574452 0.14885587 -0.09273534 0.12178043 0.63380672 0.70562192 -0.27215762 0.30943168 -0.03552533 0.42389079 -0.19344473 -0.41021114 0.30273837 0.19663198 0.82498621 0.61360908 0.06170610 0.20025143 -0.53975147 0.75944516 0.09523680 0.57056802 0.58563704 0.12905395 -0.45694735 1.03494739 -0.12324113 0.09205192 -0.35797911 0.58077629 -0.33127624 0.08345318 0.03681461 -0.60435439 0.03369463 -0.08651425 0.06866698 -0.04575504 0.71658431 0.13722137 -0.54279316 0.36723963 0.56521891 -0.74767268 0.78818046 0.26742336 -0.10672648 0.52668744 0.71759327 0.10976118 -0.22389425 -0.50882654 0.78267370 0.00661408 -0.00755668 0.29951045 -0.52289938 0.07528691 -0.57303053 0.14754065 -0.48817768 0.88894786 -0.13394669 0.20030985 0.54092842 0.19997133 0.07801803 0.22268582 0.04192614 -0.07250161 0.76243743 0.13347721 
-0.41625651 -1.60527792 0.88760106 -0.81169750 -0.45789481 -0.09961151 0.07390008 0.86599102 0.30637858 0.07786709 -1.74667092 0.10469923 -0.01011216 -0.96114515 0.55240232 -0.98849288 1.12103614 1.79563727 -0.39778591 -0.64923339 -1.26789364 -0.82441203 0.06825821 0.74418410 -0.01902521 0.12457608 0.93457501 -1.46126213 0.62193969 -0.75074324 -1.51991592 -0.16700914 -0.04846780 -0.43058170 0.88054409 0.27879814 -1.22214078 -1.53753235 -0.04968697 2.33809729 -0.11318750 0.27173996 -0.08135341 0.44994024 -0.50048479 -0.90784967 -0.49116539 -0.88575066 0.80402211 -0.11611800 0.03451746 0.18946201 1.55666481 -0.19498343 1.90804372 0.86588715 1.06039564 0.18596952 -1.30016346 -2.97229533 -0.22290222 -1.99451802 -0.43985953 -1.19226572 0.79839602 -0.20059323 1.57043018 -0.30331057 3.19900935 0.57196423 2.01110105 0.28105894 -1.53560972 -0.82403083 0.66186952 1.57084729 -0.31442578 -0.09785768 0.10595982 -0.35734798 -0.76150771 1.16991867 -0.46460623 -0.28892261 -0.43694924 1.07849088 -0.08258766 0.62964569 0.22090398 0.71839113 -0.67114461 -0.64601527 -0.64867604 -0.59415734 -1.74594280 -1.05034870 -0.31348187 -0.50357337 
-0.13977490 -0.04007605 -0.32960465 0.34117937 -0.52154947 0.23166544 0.12979709 0.66342862 0.73034152 0.06823367 -0.42465829 -0.04647169 0.30953882 0.00319504 0.61861221 -1.08104772 -0.83226644 0.31146086 0.52227059 0.15722584 -0.41324802 -0.46544264 0.57149092 -0.16273403 0.49803080 -0.09701527 0.58680989 0.25562865 -0.35075279 -0.07366285 -0.65179074 0.33401017 -0.37225467 0.72252509 -0.29352910 -0.46876422 0.29848344 -0.56010942 0.47490321 0.08195958 0.24783485 0.47311788 -0.42180255 0.18081074 0.07415538 0.49567310 1.13241090 0.25516302 0.35000243 0.60184129 -0.65455150 0.26389198 0.01415495 0.71500017 -0.76000560 -0.18330199 -0.19246639 -0.00747575 -0.23700585 -0.69391914 -0.03136647 -0.21284250 0.00077780 0.66157683 0.03127197 -0.75160817 0.25988405 0.05328846 0.57518093 0.12621365 0.65720910 0.17556941 0.03645103 0.53056658 0.61767000 0.52520853 -0.17029193 -0.32632767 0.49801984 -0.67105406 0.04782881 0.73388227 -0.52995655 0.28627243 -0.59336175 0.24835672 -0.74271021 0.43061140 -0.72487011 0.11800173 0.23474912 -0.14487242 -0.26937146 -0.29553979 0.28626605 -0.23636719 0.31219461 -0.77945083 
-0.62732017 2.05116402 -0.31952847 -0.72335922 -0.40881686 -2.95508339 2.54823052 2.57206664 -0.90562395 1.03928279 -1.59162396 -1.72940994 -1.09638482 -1.82306496 -1.99775590 -0.72670095 -2.23938884 -1.18609527 -0.11227990 -1.48856745 2.13541215 -0.12587783 -0.93371994 -1.09403495 1.59281632 -0.41126326 -0.29560552 1.32213611 -0.82575773 0.49574886 -0.96762861 -0.52505525 0.35718617 1.97412082 1.87375162 -0.29953713 -1.95164512 -1.19596775 1.26047217 2.09280573 -1.06310481 0.25225064 0.56120364 -1.10000473 -2.20807751 1.40749454 2.14919048 -2.45827800 1.38656819 -1.00357818 -1.72356940 -1.73049893 1.17268592 1.33777575 -1.32680037 1.55441382 1.00025071 1.10388835 -1.71105309 1.55529714 0.19541862 -1.31159541 -0.97677419 1.32718280 -1.24829032 -0.70832413 -1.17121748 -0.26123973 -1.07271519 -0.69142538 2.26963437 0.48877351 -1.25329225 -1.05635284 2.71217144 -0.36715223 -0.78369853 1.65317820 -0.93100936 -1.63422844 3.21476594 -0.49996316 -0.97680188 2.60084718 2.91785487 0.81346634 -1.69450272 2.29709387 0.43174795 -1.12398364 -1.30209915 0.25851920 -1.39278236 -2.36727634 -0.97597743 -2.19240980 -0.92801175 -0.13667958 
-0.30467271 -0.61147757 -0.38707229 -0.09938260 -0.29398742 0.15567567 -0.28536675 0.33638871 1.82445445 1.26525720 -0.73364090 -0.46768822 -0.08720890 -0.01809786 -0.82312317 -0.43594398 -0.85796669 -0.48805843 -0.34087706 0.26459262 -0.84815174 -0.50429146 -0.29185537 -0.05054494 0.55476855 0.16358820 1.02962021 -0.29704064 -0.87756745 0.15815425 -0.47428538 -0.53602323 -0.27119419 -0.01557521 -0.87155284 -0.15594738 -0.58198998 -0.29686014 0.16378605 -0.32723187 0.07808731 -0.71031561 -0.33707340 0.07278856 -0.36520567 -0.23707021 0.55523414 -0.43073822 -0.69714384 -0.30378974 -0.25705537 -0.41503987 1.17549536 -0.55298271 -0.77059151 0.14480097 -0.79041336 -0.03565821 -0.62011215 -0.56584292 0.68388566 -0.48602257 0.01663797 -0.78681051 -0.09331064 -0.57627231 -1.18629662 0.07699121 0.07505864 -0.91029923 -0.03384867 0.47227236 0.00208959 -0.54512382 -0.49081578 -0.11232868 -0.12883528 -0.60356090 6.18313139 -0.72147516 -0.31352203 0.18510996 -0.09845539 -0.13478362 0.04019967 -0.52881644 -0.51869735 -0.11784582 -1.04435042 -0.59657651 -0.15939770 0.67138735 0.22948377 -0.92636750 -0.01029729 -0.97097884 0.23361465 -0.24513184 
-2.96719933 -2.51179481 -1.86006025 -2.31309176 -0.61438626 -1.19862992 -0.97448316 -1.60982615 -1.84703325 -2.74756665 -2.21576652 -2.38352486 -2.79991284 -2.17412760 -2.91526636 -1.96910009 -2.51933645 -1.73659637 -1.61829339 -3.35941747 -1.46862831 -2.15367364 -2.29934770 -1.92313681 -1.49912579 0.30450369 -1.97336096 -1.92595419 -2.27700721 -2.28659285 -0.38857262 -1.36177645 -2.27182148 -0.11635534 -2.04293013 -2.36096749 -1.05598406 -0.16592921 -2.44720018 -1.45282175 -1.52388332 -3.23199758 -1.48147089 -2.46118461 1.37487996 -1.62469894 -1.90309135 -2.10361935 -2.90757469 -1.56794231 -0.88420153 -2.98075028 -1.53181144 -2.12706771 -1.66652988 -3.19366029 -3.43624771 -2.35616021 -1.76390651 -2.65243658 -1.96184458 0.22994724 -2.29798319 -0.60073789 -1.36777759 0.69213980 -2.12756801 -1.56304168 -0.11838782 -1.86036989 -0.75992359 -1.66230292 -2.10228904 -0.50514053 -3.81375827 -2.24752321 -2.05683005 -1.65309424 -3.04811010 -0.59156404 -3.58679875 -0.99305281 2.15953156 -1.60793727 -0.79657504 -3.59563729 -1.17632280 -1.71433155 -2.14613003 -2.15274882 -0.10610219 -3.40550670 -1.28865390 -2.30875322 -0.40613587 -2.01874278 -1.57651843 0.13804546 
0.24830298 0.04855854 0.56247704 0.77009407 1.09536319 0.39213503 -2.17363098 -0.56587634 0.26405887 1.16504939 0.51879060 0.43754054 0.39130988 0.19949075 -0.34065191 -4.16698071 -1.16484898 -1.66409117 -0.17422897 1.23399508 -2.28526047 -3.48152135 -3.39328228 0.05711857 -3.98068156 1.65588518 0.64270544 -1.47236103 0.30522294 -1.40212674 -4.02557487 -3.14475500 0.24077778 -3.22067288 -0.14773325 -0.47303598 1.19070014 -1.10631668 0.98354203 -2.22723031 -2.95426269 -0.31949607 -5.59124078 -1.10048741 -0.88966897 0.08606942 0.47755600 -1.37058413 -2.02521311 -0.16416478 -2.49669738 -0.17697925 -0.32124497 0.14468090 0.89300428 0.29797905 -4.15900335 -2.84384493 1.42954877 0.31424871 0.88786028 -0.91407717 0.11752850 0.13828165 0.40632428 3.29361000 0.38349891 -0.77083773 1.12199726 0.92661345 -1.45375510 -2.55070475 0.36553805 0.66376374 -1.03662001 1.01923662 0.55090675 -2.57074970 -0.63100384 0.60609684 -0.12934516 0.19840073 -4.98753161 -1.19173783 -0.11643992 0.34087660 -2.17047748 -2.59631413 -4.36397875 -3.12445096 -3.32542363 -0.02321325 -2.26724913 -0.26649818 -0.12390375 0.84158156 1.11437309 -2.46086516 
0.19681054 -0.46518533 0.29527147 -0.15632310 -0.74159048 0.07483567 -0.46851617 0.46425440 -0.07127140 1.08763900 0.17417794 0.71174748 0.67592215 -0.34039169 0.00279374 0.54991739 -0.79355501 0.26644459 -0.03810379 0.55621019 -0.14113095 -0.77786352 0.51490889 0.08960260 0.45902309 -0.04897221 0.24890617 0.21606418 0.21541763 0.16158882 0.21664221 0.69936860 -0.62123247 0.25758477 -0.04715400 0.29873945 0.31376428 0.43785873 0.28271040 0.29635076 0.00120781 0.58517811 0.46946600 0.81588434 0.36824408 0.68285713 0.06577415 0.27804884 0.82833737 0.63124046 -0.57487009 -0.18423558 0.64730780 0.78202150 -0.64939564 0.80248760 0.25863204 -0.35303797 -0.83257821 -0.71374713 0.56598521 0.02321009 0.32372390 0.49298398 0.72807946 -0.45437180 0.22361278 0.02958393 0.29876705 -0.65366447 0.17319771 0.48052200 -0.16485525 0.39491967 0.63184273 0.76185576 -0.46396953 0.04108236 0.74802976 -0.00521186 0.99805605 -0.01201721 -0.17378741 0.01925682 -0.27857145 0.54365204 -0.53502854 0.07308623 -0.37663738 0.90371022 1.19857170 0.80855742 -0.25753316 -0.55784513 -0.28283111 0.22699872 0.12008482 -0.53955895 
-0.14619262 -0.26822858 2.11179110 2.88755698 -0.79547946 0.33075321 -0.69250889 0.62286239 -0.19340436 -0.03908822 -0.92866894 -0.77210266 1.22612005 0.33863162 4.05733915 -0.28097726 1.01343482 -0.85423278 -1.21161179 -0.55532482 -0.14026448 -0.83214956 1.77585740 -0.69244137 -0.18863102 -0.10685320 0.14963587 0.08292854 -0.67197675 -0.09011801 -2.00181134 -0.14004020 -0.15986668 -0.83093067 1.75967266 2.88411217 1.34828600 0.64499417 -0.82489151 -0.47291445 2.43872031 -0.98471194 -0.21941939 0.01221238 -1.66236215 -1.19301122 -0.15403586 0.53708641 -1.46042748 -0.01767776 -0.29893393 -0.55030833 -0.14536189 2.69433094 1.13636826 0.04355933 -1.15230215 -0.23420564 0.50261139 -1.04487559 -0.02970855 -0.92930901 -0.34820870 -1.71007618 0.16473805 -0.48606786 -0.45665054 0.48849436 -1.75853877 -1.19007225 -1.10540163 -1.02437686 2.60519280 -1.67764345 -1.06882731 0.01346893 -0.23490285 -0.42550213 0.67663925 0.78769345 -0.53380476 0.40934900 -1.08463912 1.29574231 -1.63237861 0.43057705 1.61797383 -0.15720974 -0.82834486 1.13561686 0.24186090 -0.41534786 -1.07905774 -2.25212977 0.31243001 -2.43165930 1.51201867 0.35710331 
0.14490504 -0.27579515 0.03696190 -0.04939395 -0.17841589 0.47686219 0.04456976 0.04849847 0.47335820 0.96890499 -0.45766910 0.36403930 0.10710021 -0.02190142 0.04228865 -3.71135881 -0.02635073 0.12552570 -0.08751912 0.24005665 -0.63822746 -0.02730275 0.18780241 0.93237524 0.04561548 -2.41704544 0.09370908 0.57844087 -0.66091626 0.41257944 0.50154962 0.40841054 -0.60149338 0.64578680 0.59821789 -0.10730940 -0.54260548 -0.22982410 0.06779367 -0.07411463 0.66041690 -0.13726073 -0.77910965 0.45184805 -0.67835672 0.07767692 0.18586105 -0.16962800 -0.20360760 0.44137432 -0.55482284 0.51629492 0.62758309 0.52784607 0.03782006 -0.02952927 -0.06827517 -0.77022745 0.10370536 -0.60413289 0.50340769 -0.50881485 -0.06536282 -0.07946937 0.09369184 0.51088709 -0.50250619 0.07603100 0.35505080 -0.56471957 -0.12711642 0.10988774 -0.57409058 0.58640911 0.39457604 -0.07358246 0.07936710 0.09334092 -0.10106565 -0.46511853 0.45938551 -0.38524891 -0.07161924 0.60067950 -0.36478829 0.28661462 -0.40539621 0.53484446 0.14438746 1.41672935 0.01082506 1.26424548 -0.26296210 -0.28412781 -0.51225190 -0.12696729 0.53066951 -0.15168604 
0.48445138 -1.07056990 0.35194940 0.24013610 -0.02575516 -0.22162200 -0.36798556 0.66265767 -0.00267950 0.55175853 -0.28697801 2.37782367 0.66114140 -0.34605325 1.16934693 0.58228311 -0.40449304 0.36697302 -0.15228952 0.57816365 0.19152364 -0.38017915 0.40414599 -0.31656467 0.84101160 1.02410480 0.47252357 -0.12923247 -0.16453952 0.10752258 -0.66807572 0.44671890 0.28731092 0.45725591 0.54333563 0.84993699 0.35025244 0.32155921 0.30024120 -0.22953215 -0.17927913 1.27455664 0.12569375 2.71313442 -0.31337132 -0.09412584 -0.02825247 0.57741656 -0.17457438 0.19980020 -0.58697826 -0.15180732 0.17072034 0.66149224 0.41923211 0.47305317 -0.26669936 0.53324542 0.26955412 -0.10128114 0.42635261 0.13655083 -0.45711670 0.25017680 0.24419782 -0.46699082 -0.12074759 0.22785932 -0.07815777 -0.27228307 0.40490516 0.28933464 -0.41997047 -0.14327617 0.16128799 0.77338940 -0.18873543 0.00016837 0.20015637 0.03322611 0.50789356 0.31282196 0.12280529 0.73175134 -0.48803356 1.20377015 0.22775698 0.10062957 -0.33376685 -0.08874618 0.58183442 0.19109802 0.74210932 -0.41588780 0.07597401 -0.15522947 0.33193669 -0.02867468 
-1.55772140 -2.02577224 -1.86940822 1.44297664 2.20868765 -1.57005143 -2.62795053 1.81874810 -1.04370153 1.53964360 0.61660661 0.31363485 1.18626137 -2.38210529 0.82543910 1.89170822 3.01449415 2.58820074 -1.27653701 -1.20201100 2.09564895 1.85100318 0.35980792 1.67101525 -2.95965495 -3.89730453 -1.78887308 1.48479501 -0.30479865 0.56306627 -2.29915994 -1.95006450 -3.12216247 -0.94725947 0.30349740 -0.53746645 2.54760571 -2.02987146 -1.70024107 1.41367624 -1.38527023 -2.18475192 0.44526183 -2.70146821 -1.96644697 -1.14924011 0.11714416 -0.15037495 -2.82644291 -1.81942948 1.00072320 -1.81358343 1.27981708 -1.52486946 0.02181158 0.75556423 0.96505159 1.55229008 -1.43860123 -1.78983470 2.04302686 -0.83649536 2.80904784 1.67096533 1.91193030 -1.69828921 0.53272392 -0.27908364 -2.84529058 0.94253713 -1.73271881 -0.87896489 -1.49085162 0.84619574 0.24077338 -1.04521676 -1.10106440 1.66596719 1.15288176 1.54212080 -2.88834240 -1.91254682 -1.64407903 -0.91112265 -1.47365920 2.80013646 1.64917649 1.34425655 2.39364202 -0.85364290 1.54984107 0.50133227 -3.07459513 1.54835291 -3.42357547 -2.21865085 -0.91422178 -0.84566393 
-0.02173671 0.20400003 0.68739165 0.22252614 -0.05241987 0.45170374 0.08617665 0.56404086 -0.10834069 0.17403591 -0.06540047 0.51967382 -0.01878246 0.62557020 0.70028375 0.52681215 0.42348344 0.27774633 1.12662365 0.68640360 0.14061024 -0.35165139 0.44455199 -0.59500438 0.00067670 0.73249331 0.28719836 0.14495557 0.96869498 0.08493750 -1.01815311 0.51947052 0.04103344 0.65571366 0.84803156 0.11890402 0.28858227 0.00560854 0.30085515 0.28473945 0.79670877 0.52649632 0.50097008 0.62448856 0.13111553 0.93338284 0.66446230 0.58766587 0.49811055 -0.01491086 0.15036390 0.15076965 -0.30649454 -0.04507576 0.69436801 0.48496662 0.61034006 0.19151679 0.80128306 -0.56396327 -0.05113529 0.68934172 0.74167872 0.83443125 0.70222763 -0.08652682 0.01763566 0.09591191 -0.01064898 0.11496113 0.60748357 0.56971955 -0.34846728 0.48895410 0.87535055 0.01241489 0.67802024 -0.17191012 0.05858044 0.01777200 0.73939996 0.83038912 -0.50348091 0.78565008 -0.04968779 0.64680755 -0.13263436 -0.05910203 0.25176611 0.09330624 0.08962463 0.36958448 0.54983309 0.37734919 -1.36324836 0.62879782 0.89125807 -0.11760197 
-2.46083062 -0.35879174 -2.10571599 -4.27125393 0.46598545 -0.45367303 -3.26570173 -3.36536722 -3.98996826 -0.27473647 -0.56590889 -3.53416822 0.56269085 -0.61047328 -0.94769388 -0.79439149 1.00709006 0.57962522 -0.20870681 -1.05288155 0.37664587 -1.20758806 -1.53674229 -0.83826957 -3.49200168 -6.53261123 -2.28542202 0.25260358 -0.39643779 -0.02132904 1.12858551 0.15340341 -1.99817730 0.78623345 -0.08507888 -2.66575966 -0.19318175 -3.48461923 0.06225442 0.05847641 -3.03851175 -0.58905625 -1.28186195 -1.56974416 1.00357404 -0.97024387 -2.95337416 -0.11657002 0.19934403 -1.86057938 -0.27627313 -0.53497009 -1.95089565 -0.72201474 -0.25115796 -0.95003574 -1.17119787 -0.86359373 -3.99945981 -0.02042938 0.14704240 -3.37430776 -3.40156149 -1.68803492 -2.35570570 0.27049221 -0.45694374 0.56592502 -1.55334818 -1.46826708 0.50886300 0.05721225 -0.23617685 -3.76630733 -0.95487053 -1.09143995 -2.26709944 -3.51561892 -0.74946616 0.07542520 -0.71723320 -0.82729637 1.08501450 -0.33388984 -0.22937587 -2.32870588 -0.62953242 -2.66168595 -0.29366236 0.53822248 -3.39299461 0.56247257 -0.38585270 -0.09102086 -0.33291572 -0.36960238 -4.77878879 1.14030287 
0.42309153 -1.23902652 0.76838828 -0.62920022 -1.38718720 -0.65466967 0.23576670 2.00984794 -0.66773930 0.71034494 0.62484128 -0.01605169 0.28673298 0.46628666 -0.33139750 -1.02491502 -1.19125658 1.89871466 -0.64373579 -0.67708994 -0.73775542 1.39853185 -0.53986227 -1.97966541 0.22553778 -1.89694624 1.83528177 1.85803151 -1.38854873 2.56194141 -0.89039595 -0.23635277 -0.47382533 -0.35992051 -0.10687667 -1.13392604 -0.82472876 2.44619729 -2.12996634 -1.23811220 -0.91229127 0.22897599 -0.12519447 0.33501325 0.07582764 1.81523509 -1.16029057 2.94865220 -0.47911042 1.61813841 -0.77442762 0.80072951 -0.39542469 -0.01508839 0.23037278 0.55073213 0.30075245 -1.61173582 -0.51545797 -0.69919474 -0.68339325 -0.39266936 0.93906150 -1.85400998 -0.08624227 0.41088571 2.07017108 -1.24232674 -2.00317237 1.89532290 1.94814624 1.59481470 -1.53607891 -0.14170545 2.14570739 0.13057771 0.09510388 0.03036399 0.30634753 -1.04619211 0.77836165 0.98023486 -1.11890131 -0.47905166 2.17819985 -0.42125102 0.33197751 -0.59495532 -0.52928779 1.08900105 0.08122393 0.58335510 -0.08011881 -0.94042460 -1.05369052 2.03843008 -0.87788639 0.18503657 
-3.31195816 0.62211979 0.41054016 1.00270509 2.92000290 0.83377824 2.36242933 -2.29840910 -2.85357748 -2.62551920 -0.09619182 0.43232733 -2.45621562 -3.82353744 -0.28107598 0.79141700 -2.76921772 -1.19647264 -2.60825067 1.13167091 0.04945521 1.90216627 1.15490492 -1.39832097 0.19816788 -2.74278871 0.09668113 -1.28817849 -1.83769176 -2.44589615 -2.94116445 -2.18959618 1.77646532 -2.10353235 -0.52631615 -2.39818021 -2.43656299 -1.54408446 1.20053024 1.08742616 -0.18275565 0.30235503 -4.19427888 1.12095979 1.26125295 -2.08975834 0.88229612 0.90508322 -2.28291031 1.29325687 -2.95329526 -3.05065553 -0.62030565 -2.00120793 -1.02321341 -0.22455569 1.45776807 -3.29695532 1.15594920 -0.63270667 -2.99275439 -1.98050344 1.83227434 -1.46574413 -0.54887380 -2.73281278 1.20431760 -2.30597397 -1.56034797 1.80531842 -1.62507371 0.89446043 0.67682474 2.29158800 0.16951121 -3.12760468 -3.14555455 -1.89176552 -0.72640369 0.71675253 1.10822401 2.03702650 -2.66844676 1.39740959 -0.96305710 0.92295474 -3.12195307 0.58180603 -2.55401226 1.48534325 1.58107834 0.16741796 2.48938238 0.15461446 1.90379195 -1.84011936 -1.71803873 0.83630552 
0.39101641 0.56585848 -0.43714872 -0.71461176 -0.28529802 0.32622944 -0.08060522 -0.76093840 -0.33179463 -1.01687829 1.13079988 2.10387180 -0.31046460 -0.44275691 1.31987849 -0.40340620 -0.42783971 1.27834603 2.19722493 0.35732773 -2.79517378 -1.15833290 0.97763300 1.21459387 -0.61810363 0.84836315 -2.48809350 1.70265297 0.00361290 -0.89017608 -1.78267226 0.28558001 -0.88060997 -1.18476306 2.06784294 -0.89872387 -0.95241365 -0.84759356 -0.79338992 -0.07710564 -1.06961984 2.03755126 -0.93869059 2.06534798 0.48960380 -1.58056215 1.32684740 0.24683133 -0.19760841 1.86356444 -1.80260340 -0.55399611 0.68064418 -0.86102210 -2.74496024 1.37832848 -1.55334810 0.03982667 -0.18597628 1.92041000 0.00035800 0.70138578 -0.20729032 -2.01429654 -1.28357369 -1.45549580 0.88268677 -0.55119757 -0.17186872 0.05597503 -1.13441391 -0.52930232 1.37473074 -0.70189276 -1.18236532 -0.31902064 -1.67259033 0.85180411 1.42466521 -0.70844917 2.20139331 -0.20733192 -0.37702526 -1.33525382 -1.91589022 -0.20315611 -1.06803041 -0.92055733 -0.42393462 -0.01177256 1.00736650 -1.39170264 -0.36911990 1.61576863 -0.68754474 0.30595982 -0.37381268 -1.32365384 
0.15679571 0.19119067 0.24670967 0.82965313 0.26816653 -2.04757541 -2.77984384 -2.77850943 -1.33486902 -1.01192792 1.51206322 1.27594868 -2.78283956 0.41622427 0.34692843 -0.27640312 -2.71329892 -1.41477161 1.40445741 1.44420595 -0.83483787 -1.28828929 0.86959948 0.66372254 0.50279385 1.49532069 0.86394475 0.88976974 0.09488038 1.39580742 -3.51756610 -3.29663066 -2.80733242 -2.68152662 -2.78044447 0.90656600 -1.62888155 1.57265299 -3.68609965 -2.17533656 -0.99877590 0.95275186 -1.34361826 -2.20560096 -2.86719884 1.07551508 0.16047879 -0.85725599 -0.91685472 -1.42747200 2.07205970 1.64482983 0.93306114 1.35133943 1.37611648 -2.05383613 0.41026085 -1.25564161 -4.41721290 1.50410117 -2.91467874 -1.25245197 -2.24461554 -2.09828111 -2.87734066 -3.61588489 0.77820194 1.48515992 -0.46393864 -4.01856640 0.40439297 -1.51291764 -1.98015173 1.35930503 0.97483936 2.17236671 -2.68268702 0.90782739 1.01707886 -2.35509514 -0.37372133 -1.50307287 0.78584851 -2.81529759 -2.18311338 1.03843307 1.26202639 1.28301439 1.26903397 -2.49066362 -3.08858582 0.31658017 -0.66509254 0.43459428 0.52753877 -0.41151565 -3.17517820 -2.38009333 
2.31327177 2.75191640 2.65853610 -0.71178900 -2.92419711 -1.24067815 -0.65084173 1.14392287 -1.62369580 -0.92110364 -0.41794359 -2.32631513 -1.25769514 -0.61318790 -0.70210988 -2.64519528 -0.67979609 -0.43560028 1.22873130 2.57815690 0.51889329 3.58081679 -0.45531482 2.04437768 -0.96942782 -1.39807519 -1.95141604 -0.03420634 -1.21625723 1.76235408 -1.28525593 -0.62194498 0.54376449 -0.78131280 -0.46256308 -1.21261628 0.47071523 -1.16931005 2.55648156 1.27986737 -0.01993664 2.42876388 0.85706065 0.36950541 -0.33587054 1.08742613 1.63051020 -1.73324468 -1.12725771 -1.66689521 -0.74420545 -1.52777411 1.68377529 -1.71155079 -2.24507384 1.39764472 -0.65287641 2.57082700 -0.32324098 -0.63607282 -1.69187496 0.39627027 0.15866119 0.20554696 -0.84941827 -0.63479450 0.19833751 -1.21977807 -0.76096846 -0.23367859 -1.64412441 1.61645072 2.18400793 0.88801185 0.74174551 1.95412840 3.60263955 -1.29297344 -0.07570651 3.05085751 -0.20793678 -0.42313832 -0.30962391 -1.22253152 1.91969373 -1.78022252 3.74671226 -1.21726462 -1.52471830 -1.99202596 0.45769495 -1.90000437 0.94597456 0.10003641 -2.33170665 -0.63938544 -0.71541016 -0.91346582 
0.49721702 -0.82824600 -1.94413441 -0.86646692 -0.93002048 -1.35983059 -0.17072708 0.16233037 -0.50928498 0.24841726 -1.00272939 -0.63341472 0.99279855 0.54714541 1.18879990 -0.14461802 -1.31216420 -2.14281077 -0.62227415 0.49141089 -0.54790416 -0.08303501 -0.86754782 -0.13431909 0.50088408 0.97896134 -1.39468001 -0.87406101 0.57457310 1.92583060 -0.20946875 0.06478865 -1.13830471 -0.67842177 1.36766349 1.30410662 -2.21707747 -0.23207703 1.84002783 -1.15569988 2.15984089 0.25696515 0.53422272 -0.31607549 -1.09974958 0.31499290 0.82877031 2.79091078 -0.89219562 -0.92224309 -1.76254207 -0.06201091 -1.52814338 -0.94757373 -0.23796704 -1.29214232 -1.29513967 0.99077687 -0.79017737 -1.33949747 -0.51139945 -1.54831572 -0.28882744 -1.26411810 -0.97698507 -0.81938704 -1.74406259 -0.63105837 -1.58465712 0.68303596 -2.54519739 -0.84618865 -2.01222363 0.04307019 1.24488157 -0.04457653 -0.06228248 -1.27245265 0.05537947 0.70600634 -0.82932524 0.81817423 -0.52728461 -0.24203560 -0.45437714 0.41244176 0.06121695 -0.36430075 0.01492344 0.79287881 -0.42917060 0.13183194 -1.11266622 -0.42587666 -0.09980335 1.76908140 1.52888767 -1.07702896 
-0.66417309 -0.69276791 0.03030602 -0.63790346 -4.24329875 1.02738858 0.47078414 0.00973785 -0.30369321 -0.60413257 -0.19701130 0.53646982 -1.57141450 -6.42350076 -1.13446741 -0.23367101 1.12982349 -2.71246163 -0.65006782 -0.45994905 -1.40651891 -0.05685936 -1.60213170 -0.07242662 1.14941397 1.41295257 -0.20620774 -3.43781375 -0.59536002 -0.66759458 -0.35480367 -0.07388113 -0.01099875 -0.97609335 -1.07376653 1.03552924 1.06982499 -2.73735512 0.50182357 0.26039588 -1.95460518 -3.58737516 1.24637750 0.00631086 -2.84403451 -0.84936228 -2.62524793 -1.40255505 -0.72355336 -0.19937415 0.28868322 -1.62525555 -0.06733449 -1.70691658 -0.21006585 -2.30495191 -1.25563763 -1.33416169 -0.01148178 -0.37737483 -2.84456180 -2.85591852 -0.31971488 -2.47664011 0.93434109 -4.98004258 -2.41785655 -4.99994291 0.04418739 -0.03318784 -1.32501204 -2.90907811 -0.91377936 1.02378452 -0.75925294 -4.60911804 0.25265085 0.66722954 -2.38072041 -3.34493091 -0.61079057 -2.40015658 -5.06472492 -1.61199255 -1.06525007 -1.80584434 -0.31862087 -0.28894501 0.38269769 0.98801659 0.47272651 -0.86413720 -0.54056454 -0.78495486 -1.50797363 0.52434419 -0.93605881 2.24507710 
-0.00423074 -1.34193556 -1.98542817 -1.46902416 0.20845676 1.80730419 -1.86302796 -1.27276378 2.59628925 1.95037658 -0.92588848 -1.79116394 -1.18414270 -1.08058021 1.79689967 -0.73699576 -1.46334253 -0.98592650 2.20812173 -1.07464234 1.96802353 0.31899860 1.24200726 -1.40674974 -0.41524603 -0.51769472 -2.03858589 2.09027106 0.55459291 0.16381992 -1.91836932 0.67668579 -1.22989842 -0.69371639 -0.52275323 -1.63670024 -1.08954336 0.42004146 -0.32393203 -1.55980247 2.07846562 0.26802797 -1.66897965 1.56151362 -1.91147105 -0.63470765 2.60969168 0.96256952 1.89290735 -1.82916956 0.78936900 -0.91912438 -0.40371893 -1.37718391 -1.82993819 -0.16376734 -1.09329302 -1.64798269 -0.07592987 -2.46387180 -1.42378131 0.08974766 -0.23982636 -1.02636868 1.87666705 -0.43300466 0.79711671 -0.46964561 -1.46534065 0.06036917 -1.44232454 1.07177595 -2.70900486 0.28893725 -1.04446124 0.50691314 0.95628903 1.35616301 0.19939044 -1.33670495 2.75302584 -1.33662690 -0.79281632 0.35764597 2.56378844 -1.01806983 -0.85098140 2.27509162 -0.93713485 0.40363882 -0.83373278 0.60903357 -0.78655708 2.38089136 -0.55173138 -1.66408325 -0.23160175 -1.50458206 
-2.13773436 -2.01964192 -1.92377384 -0.71283937 1.02040157 1.61126139 -1.18005268 -0.97815843 -0.13742913 -0.61909412 -1.93997080 -0.95804309 2.53992550 -2.02079603 -1.11729084 -2.33046329 -1.93711105 -1.83743798 -1.20915553 1.54609061 2.81830457 -1.05950176 2.90863201 -1.52843076 -0.83143473 -2.02597397 0.43387490 0.27464652 -1.35678525 -1.45655372 -0.33563654 0.23638339 -1.94580710 -1.51087031 -0.73610687 -1.43111860 1.26179724 -1.00187060 1.32485727 -1.13963363 -1.96684426 3.33721236 -2.45137760 -0.39075076 1.28282594 -0.99375120 -0.77732655 2.33067814 2.76563695 2.05300631 2.67032259 3.34134754 2.06440762 2.88294240 -0.93027503 1.51476833 2.27381664 2.05767943 0.13663015 1.11439794 2.90393150 0.37382076 1.80725633 -0.80997807 -1.82158258 -0.86696259 -0.64784537 -1.80590323 -1.01862321 -1.94301778 0.65841721 0.03604029 0.00427238 -1.16515300 1.27342204 3.82699550 -0.17254138 -1.14981397 -0.64703388 -1.57853240 -0.50099625 -1.11403202 -0.34369557 2.03363532 -1.55987819 -0.96134645 -1.42817821 -1.03652103 -1.58329120 -0.90890419 -1.01411092 1.09211742 2.88757285 -0.32336873 -1.09810782 1.73392677 0.98722652 -2.04082987 
0.09815282 0.55717349 0.35143144 0.03569263 -0.18221464 0.75278376 0.82541502 0.83450627 0.65408565 0.59477912 0.31828537 0.53439495 0.52330263 -0.19044151 -0.07300400 -1.50668141 0.57096032 0.06404876 0.46113350 0.26572765 -0.07239722 -0.76878277 0.83663422 -0.33663401 0.64134757 -0.81225396 0.06950790 0.63395366 0.55340622 0.61423763 0.39037972 -0.00517077 -0.27484497 0.17553412 0.87615743 0.16171292 0.78683426 0.05781861 0.36663569 -0.16542071 -0.06862393 1.02173611 0.39561235 -0.04339921 0.71164837 0.52040638 0.36597921 -0.02602640 -0.00718921 0.58981647 -0.19522949 0.42915144 0.31750256 0.37552806 -0.48384409 0.65901816 0.58921407 0.10986382 0.32781078 -0.47267731 0.13269684 0.74387173 -0.01826552 0.11864952 0.05337352 -0.54958921 -0.39479271 0.40310204 -0.03137755 -0.19173179 0.70921047 0.47242302 0.48845543 0.43376758 0.45119177 0.90090892 0.33745451 0.03163086 0.26109169 0.43820274 0.31502818 -0.05035143 0.42338854 0.82984984 -0.12535672 0.37964455 0.09274522 0.77092443 0.55458634 0.42534724 0.69881196 0.41675339 0.52915944 0.00654495 -0.50686258 0.81097985 0.57808042 0.64388310 
-0.12601570 -0.13291302 0.48287289 1.92838965 0.46825864 0.48973658 0.44749258 0.42456113 0.47995056 0.29570576 -0.25898455 0.28652358 0.11525456 0.75330319 0.50439284 0.96785101 -0.15605406 0.75600376 0.45479658 0.94053395 -0.03166974 -0.57595925 0.74506113 -0.08854113 -0.06186916 0.74576214 0.33306772 0.64894640 0.90967384 0.52940787 -0.42117596 0.67277688 0.13880864 0.46462333 0.04878178 -0.34623134 0.08277305 -0.21576532 0.32839021 -0.04154318 0.00601461 0.24306667 -0.69675433 0.17137914 -0.11318600 -0.10576780 0.22895563 0.27827346 -0.04288838 0.84628059 -0.33893422 0.48345398 -0.25391487 0.55151411 -0.24873723 -0.20845551 -0.22507164 -0.26328366 0.93823768 -0.64784017 0.24638805 -0.34151551 0.26601968 0.47310424 0.36821484 0.50935700 0.36150589 0.02108043 0.06373624 1.03749647 0.19507814 -0.06536535 0.42049585 -0.51550993 0.57170539 0.66908699 -0.34804021 0.23978128 0.50751193 -0.11222063 -0.18966023 0.70569500 -0.39581939 0.10214320 -0.84892134 -0.06245056 -0.13946073 -0.12685028 0.31844593 -0.12182505 0.01764454 0.65669029 -1.09152140 -0.14011925 -1.78168104 0.66652260 0.48978045 0.37810952 
-1.73483325 -2.14550589 -1.63987210 -0.27275093 -2.23055263 -2.09985466 -3.11035206 -0.70043194 1.64448374 -2.10548950 0.75734032 -1.35463852 -2.05515239 -0.70967601 -2.58538872 0.21099284 -0.11540011 1.26515350 1.22498205 -0.51685580 -2.06633502 -1.42761861 -0.81940427 0.04618338 2.57773094 -0.99792744 0.48734834 -2.43599621 -2.26046620 1.22741339 -0.78303009 -2.06610157 -0.32821475 1.33063849 -1.18187307 -2.37271863 -2.21821665 -1.10150767 -2.66644386 -1.15746133 0.72369074 -0.38541080 1.07788019 -1.03914269 -1.37483657 -1.71380239 -0.84003034 1.44946838 -2.46027535 -1.95517159 -1.70723449 3.92796670 -3.14680685 -2.04101585 2.40839038 -0.56687637 1.43315125 1.82412953 2.42428943 1.49798858 2.42679552 2.64051827 2.19560178 -0.73213521 0.32726044 -1.50446904 0.83162088 -1.56827042 -1.70519442 -2.84243577 -1.23968650 1.41427576 1.86221724 -2.30751572 -2.30969632 0.48703558 2.54605049 -0.96036709 1.32645283 -2.11361156 -2.29643624 1.02939039 -2.62478441 1.65093611 -2.04084080 1.37538748 -1.83326289 -1.88689604 -2.64075768 1.81538226 -2.12518580 -2.46798999 -1.20086444 -1.34220394 -0.89502760 -1.72776932 -1.78874304 0.63524442 
-0.20395592 0.58428436 0.23892689 -0.65487873 -0.18464565 -0.21836637 -0.49869742 0.44923774 0.76840957 0.68217783 -0.79956277 0.03729121 -0.30129170 -1.18163799 0.88216587 0.99006999 -0.26832409 0.84266642 1.02760410 0.13516430 -0.48028016 -0.28451326 0.07126999 -1.25764744 0.15675918 0.09006669 0.07839595 -0.53121995 2.44993155 -0.28968776 -1.67852452 -0.18751414 -0.60524354 -0.05005026 -0.14167207 0.08319072 -0.40872301 0.42855215 0.91858817 0.31807078 0.92329414 0.97430068 0.53549510 -0.14044175 -0.50689527 1.17706667 0.16791274 0.12464989 0.36816693 -0.26210501 0.28850985 0.13534749 -0.27979322 -0.04559691 1.17995251 0.19363763 0.19833854 0.34247839 1.24536024 -0.28533043 -0.08602206 -0.62376876 0.37058605 -0.67295454 -0.00160038 -0.41606917 -0.40316093 -0.24648027 0.02996886 -0.41172698 -0.33846002 -0.72153217 -0.18766253 -0.42745619 -0.04557591 0.03636249 1.36678362 -0.41436838 0.45642413 0.01002473 0.41844962 1.96929775 -0.23596212 -0.27790289 -0.23039309 -0.21648666 -0.25308818 0.97552659 0.15075565 0.38941764 -0.46645832 1.87387547 -1.08114692 -0.34163223 -3.56224488 0.09843102 0.69071795 -0.70400781 
2.36422557 -1.98892569 3.10368415 -2.05635681 -1.91632468 -0.80210081 -1.34974299 -1.85849554 -2.04008284 -1.57093523 2.56832389 -1.45383288 1.89909915 5.66188010 1.64236826 -1.98649113 0.31615910 1.25158258 -1.51746986 -1.02923820 -1.81772776 -1.49311810 -0.81422694 -1.84679785 -1.58129689 -2.13405843 1.35502605 0.65729207 -0.80832522 0.51643379 -1.53957355 -1.27659074 2.85359984 0.93389006 -0.89210440 2.25344491 1.90498456 -0.75876700 1.56605573 -1.18275192 -0.23400190 0.76180832 4.65696002 -0.89576421 2.54380405 1.20170170 -2.21101092 0.19617669 -1.95378756 -0.62212944 -1.52230920 -2.03284835 -1.36339820 1.69081513 -0.86259011 1.70526891 1.81834015 -1.81994130 0.49433946 1.47570204 -2.03913355 0.01269300 0.52869618 0.93034280 -0.60522116 -3.07501685 -1.53743014 -3.13265100 -0.16093820 2.49418127 1.43043641 0.19202994 0.63649552 -0.60987102 2.10788177 -1.56625545 2.67668852 -0.90048782 -0.49769346 -2.41819412 -0.43807239 -0.30671026 -0.56417594 -1.65926060 -0.06477748 -1.14766551 -0.86154028 1.73509203 -0.39076190 -0.46958188 -0.04053179 -0.59058753 -2.41262532 2.95175830 3.40010606 1.37322654 -3.12466677 -0.53130575 
2.49045844 0.32316625 -2.03485847 -0.28715320 -0.20276331 1.55697748 0.96482320 -0.91151348 -1.81371253 2.16421404 -0.17809202 2.62864747 -2.13948779 0.08906918 0.82639904 1.77321544 -1.77943705 -1.32740514 -1.91073738 -3.17956554 0.03748969 0.89905836 0.36180180 -1.36724996 -0.93680500 -0.77776168 2.08740712 -0.93049719 -1.28520751 -1.02248885 -0.35199558 -1.35474130 1.18259986 -1.76669358 -1.36713483 0.94828593 -1.28039983 -1.01388535 -0.89629285 0.74297708 0.41822388 -0.02033094 0.71224735 1.43639305 -2.35728663 -1.37256952 0.26267392 -0.34178200 1.88168387 1.56571974 1.55509610 -0.10788634 -1.55807269 -1.84533715 -1.43454637 0.96686565 0.67355744 1.26113213 -2.48113638 0.33156756 -0.93085577 3.37115909 -0.76145614 -2.33315556 0.70337819 -1.56980196 0.89199191 -0.41031480 -1.71266137 -2.26613996 0.49102138 -0.24604633 0.38917208 -1.31554037 1.93386803 -1.13202874 -2.25904734 -2.03809057 1.55675605 -1.41118844 0.17847875 -1.96861635 -0.46899797 0.30668830 0.73000531 -0.99576451 -1.28491717 1.13598335 -1.96034793 -1.51811008 -1.08879209 -1.93289367 -2.47191771 -0.23987056 2.86503232 -1.95122552 1.72680388 -1.14736896 
-1.86373470 -0.73012489 -0.07640480 -1.24026383 -3.30630651 -3.31108277 -0.45904719 -0.11055155 -1.78509360 -4.07530206 -4.22077700 -1.69409052 -0.83060593 -0.66383383 -1.06965402 -1.27270814 -1.17440760 0.80778349 -2.86760000 -2.58032002 0.17938022 -1.70915148 -2.65974274 -3.35913882 -0.81475870 -0.26996484 -2.37518186 -0.45789091 0.77716495 -3.64452671 -0.26462775 -0.18361163 -0.83834385 -0.52288900 -2.64008980 -1.66892705 -0.71313022 -0.48388160 -3.14227919 -3.97984619 -1.21402447 -1.85269465 -0.81991760 -1.07707400 -2.63070978 -0.78514674 -2.41291821 -2.09430939 -1.33435294 -3.55737859 -1.96844655 -1.38839889 -1.52548670 -2.23931513 -2.21153459 -2.63824907 -0.90760322 -1.01216354 -0.79466235 0.13443059 -0.71138668 -2.06295325 -1.14434550 -2.91782168 -2.76578746 1.07501879 -1.85441190 -0.42483339 -3.44681229 0.04547372 -1.48226411 -1.64143430 0.00162322 -4.85636139 -2.80701629 -0.92922376 -1.52021499 -0.31770810 -2.11204304 -0.37819669 -1.94887682 -3.24928732 1.20341324 -2.05536836 -0.33321598 -2.72833991 -0.60781691 -1.97068782 -0.55089168 -3.05296170 -0.21660961 -3.94338065 -1.54601667 -2.60339569 -2.66184077 -0.50335252 -0.48141880 -4.28739068 
-0.26030455 0.54283927 0.14809877 -0.75245447 0.80746047 -0.89187125 -0.36645982 -0.34744146 -0.21403928 -0.21091533 -0.88792603 -0.05567680 0.07545209 0.06907781 0.15732537 0.62333400 -0.43402410 0.60986300 -0.30360743 0.19467150 -0.78921055 -0.57769035 2.56617399 1.98468730 0.46695872 0.18428977 1.92868063 -0.91943625 2.30760759 -0.39442314 -0.55894370 0.11695096 -0.53455860 0.66587813 -0.21697300 -0.23755817 -0.18798996 -0.72407322 -0.01406589 -0.00613878 0.41723678 0.06173112 -0.65054300 -0.37840650 -0.58454524 2.97163195 -0.70392350 -0.76688574 -0.06540126 -0.64936525 -0.09746662 -0.29057471 -0.62665659 0.76877849 -1.01518579 1.06792240 -0.33929676 -0.33325479 -1.54513767 2.37035505 0.69508771 -0.05841418 -0.62236647 -0.11813540 2.57005842 -0.49956917 -0.77109708 -0.56158543 0.26023438 -0.03120426 -0.81220870 0.11073582 -0.74893137 0.35575551 0.46205609 0.14634458 -2.12395997 0.21248636 0.80942493 -0.06607486 2.12025982 0.03404345 -0.52114154 0.08782273 -0.78891032 0.09302298 0.12436901 0.39743278 -0.68377983 0.62257348 -0.31542767 1.58511968 0.04586121 -0.15972442 0.64073208 -0.48189192 0.13818727 0.01969722 
-1.85862231 -0.77389588 -1.51498642 -1.21343989 0.97690134 -1.26862467 -0.62811491 1.82697784 2.47199788 0.57486956 1.09579145 -0.99069806 -1.39117488 0.67720153 -1.79665481 0.55864761 0.06954390 0.03164382 -2.39644989 2.79924113 -1.69400826 2.02202067 -0.58828577 1.46807000 -0.90335526 -1.73332967 -1.55228237 0.77092416 1.81113442 0.52774331 -2.31636680 2.63164902 3.04974338 -1.59254174 1.01613977 2.31253205 0.22905004 1.82594536 1.08772958 -1.66603507 0.86835807 -1.96456786 -1.28282254 -0.66452040 -1.16310096 -0.13467383 -1.36588528 1.93113212 -1.70308363 0.83662985 2.77089787 -1.44049168 -1.63675067 1.30026574 -2.01057329 -0.04747666 0.97897543 -0.46771036 -1.68241214 0.87344990 1.70357438 0.27819921 -1.47352884 3.07066298 -1.28759917 -1.99703924 -1.30926392 1.65359593 -1.03950675 -2.48311097 -1.59999271 -0.31073473 -1.89324108 -0.15649174 1.74312464 1.99638335 2.75457366 0.04719096 -0.02368740 1.27525125 -0.94852429 -1.17092562 -1.40521988 -1.08241713 -2.11457875 1.70577795 -2.02274873 -1.72818383 3.12063288 -0.03345588 -0.83629234 -1.77952795 3.36267743 -1.88332374 -1.20551218 -0.71449902 -1.84516801 1.98972051 
2.96115674 2.14791531 -0.26697215 -1.71214124 -0.32775330 -1.72983006 -0.36328206 -0.06162324 0.84511204 0.46460419 2.49630768 1.92036597 2.17637083 0.49777922 -1.39827449 2.32755935 -1.03979153 -1.05474404 2.02996283 -2.16894845 -1.64291643 -1.95064625 1.45469338 1.60960545 -1.72494198 -3.02588604 -2.54954749 -0.70569035 1.32379350 -1.40266380 4.00781667 -1.99063258 -1.35791501 -1.86789129 -1.02018773 -1.86708531 -1.79402229 1.09738617 -0.86273989 0.05006820 -0.15182707 -1.10136397 1.88880896 0.47249202 -0.89179262 -1.61281243 -1.57225112 -2.39118098 1.24463206 -0.59184047 -1.98186431 -0.58793845 1.39754399 0.24496835 2.94791313 0.39867020 -0.94573810 0.94799448 -1.43385717 -1.98584494 -1.85025602 0.48881630 2.15829735 1.04604628 -0.64755616 -2.70572191 -0.41934997 0.31776064 0.59235381 -1.71759335 0.66055931 -0.97539734 -1.15070736 -2.66907774 0.25842441 0.02587293 -1.36022391 -1.20089645 -1.59486713 -0.36156183 1.05220083 -0.08132709 -0.17124278 -1.48747786 -1.49781780 1.70769160 0.69398555 -0.78351116 2.73140319 -2.43777903 -1.60611642 2.43330936 1.21595892 -1.82788802 0.45562183 1.16821561 1.14674111 -0.45530582 

-1.53018070 -1.93397637 -3.85475218 -3.86072877 -1.83424202 -4.28777802 -1.81540502 -4.19409822 -1.32848063 -3.50361089 -1.73497311 -1.98783928 1.09526634 -1.43887529 -3.44513745 -1.51455362 -2.79184462 -2.96042578 -1.63375232 -3.83792555 -1.94077627 -1.99723129 -0.35550646 -1.42811520 -2.56844242 -1.97769567 -1.82986942 -0.79284235 -0.96456724 -3.42138853 -4.30478051 -3.26240497 -1.80646218 -1.95441260 -2.63283914 -0.51093443 -1.74488555 -2.52588511 -2.07201425 -2.21395497 -3.49619114 -2.99344167 -2.54634562 -2.79117740 -1.39471442 -1.61992854 -1.42537894 -2.00856454 -2.54220443 -2.46646601 -3.19637326 -2.37134079 -3.31544409 -2.69081030 -3.55256185 -2.53137090 -2.74495948 -1.77881449 -2.77566511 -3.80078964 -2.56747410 -2.82048530 -3.55767975 -2.36781760 -2.12293310 -0.04290279 -2.80291492 -2.61307345 -2.76244757 -2.85629501 -0.54514697 -1.55072417 -2.91119954 -0.63156624 -2.78600092 -2.99731328 -1.49231959 -0.97717554 -2.85747769 -2.05621805 -2.02923097 -4.12373749 -2.32133188 -2.12620740 0.81463946 -2.58158920 -2.79440852 -3.05740059 -3.34326377 -2.03170398 -1.74171189 -3.77361764 -2.13661636 -3.17344353 -2.31299611 -3.71796712 -4.18081314 -3.26468165 -2.12878882 -3.39650410 -2.74523697 -0.12295737 -2.33662135 -0.77263755 -2.14420060 0.60094562 -2.32760614 -1.71073285 -1.23209827 -2.83897021 -1.46739526 -2.07806322 -2.51790106 -1.39870481 -4.27372937 -3.14348568 -2.95364266 -1.65822454 -3.85728232 -1.66112823 -4.37481670 -1.62284293 2.10425817 -1.86623504 -0.96288793 -4.78641172 -2.06105136 -2.43935293 -2.39541975 -2.30047415 -1.05545517 -3.74181941 -2.00066051 -3.46420828 -1.37671873 -2.99190557 -1.66922558 0.06378107 