115 110
n 8		20 24 39 46 52 91 99 106 1
n 6		34 52 63 74 75 108 2
n 8		6 24 26 34 39 59 72 93 3
n 6		15 21 24 33 35 66 4
n 6		18 23 59 94 103 105 5
n 4		23 59 77 110 6
n 5		32 33 39 59 93 7
n 9		2 27 38 47 53 82 83 103 109 8
n 4		11 55 58 65 9
n 5		19 30 65 70 76 10
n 9		23 24 35 42 46 72 82 94 101 11
n 5		20 35 63 74 75 12
n 10	6 10 13 24 37 67 91 94 99 103 13
n 10	10 22 24 72 86 91 94 99 103 106 14
n 10	23 24 71 86 91 92 95 96 104 110 15
n 6		14 31 35 43 44 62 16
n 8		7 9 10 13 24 29 98 103 17
n 6		10 29 72 83 100 103 18
n 7		21 35 41 42 46 68 76 19
n 11	18 21 35 41 48 51 72 84 94 102 103 20
n 7		23 33 59 73 77 103 104 21
n 9		31 51 73 79 83 84 94 102 103 22
n 6		1 3 23 63 74 104 23
n 6		21 35 42 68 76 102 24
n 5		7 17 45 69 107 25
n 5		21 35 41 68 69 26
n 7		23 24 33 39 50 60 72 27
n 6		27 53 56 94 96 103 28
n 7		21 35 41 42 43 68 76 29
n 6		54 81 83 94 103 107 30
n 7		7 10 13 94 99 103 106 31
n 8		7 10 13 22 31 51 94 103 32
n 8		5 24 33 39 61 72 82 94 33
n 5		10 36 38 98 103 34
n 6		2 32 38 59 96 103 35
n 11	24 38 71 86 89 91 92 94 95 99 104 36
n 7		6 24 59 77 86 94 103 37
n 5		17 91 94 99 107 38
n 6		6 18 39 59 82 103 39
n 5		7 8 9 45 49 40
n 4		1 3 78 104 41
n 14	11 15 20 33 34 39 46 59 72 74 75 91 103 108 42
n 6		10 44 82 83 103 106 43
n 4		20 63 74 75 44
n 5		6 59 72 94 103 45
n 9		24 39 40 41 50 52 72 94 103 46
n 5		15 21 40 46 64 47
n 8		11 23 51 54 59 83 94 103 48
n 11	7 10 13 23 33 39 46 50 74 91 99 49
n 6		23 33 67 72 94 101 50
n 6		23 50 55 79 94 103 51
n 15	7 10 11 13 23 33 46 50 60 72 81 91 94 99 103 52
n 6		6 21 26 76 93 102 53
n 10	23 24 28 32 38 59 91 94 99 103 54
n 6		35 41 42 68 76 90 55
n 8		9 58 60 74 87 94 96 103 56
n 14	7 8 9 10 17 23 33 45 61 62 73 94 98 103 57
n 12	7 8 9 10 11 13 45 49 62 73 94 103 58
n 6		11 33 36 41 58 59 59
n 13	5 11 23 24 34 39 50 52 59 60 72 94 103 60
n 6		11 50 58 59 65 103 61
n 5		11 46 50 58 94 62
n 6		6 11 37 58 83 100 63
n 5		9 58 65 94 103 64
n 5		12 23 24 25 88 65
n 5		13 72 91 99 103 66
n 7		12 15 16 23 25 46 72 67
n 6		29 62 65 91 99 103 68
n 5		7 9 72 91 99 69
n 6		6 24 39 40 59 72 70
n 6		10 23 72 93 99 103 71
n 6		6 39 40 59 60 94 72
n 11	11 15 20 24 33 34 72 74 75 103 108 73
n 5		21 35 41 57 102 74
n 10	23 39 45 54 57 82 83 93 94 103 75
n 9		11 46 50 55 68 76 91 94 103 76
n 6		11 55 58 82 83 103 77
n 6		27 38 53 56 89 103 78
n 10	11 18 23 24 46 50 60 62 72 79 79
n 6		18 59 80 94 103 105 80
n 8		5 23 39 40 46 52 74 75 81
n 5		15 41 42 64 72 82
n 5		10 91 94 103 106 83
n 6		5 15 23 33 61 103 84
n 5		39 40 46 83 103 85
n 7		7 9 17 35 45 66 107 86
n 9		10 24 79 80 81 91 94 103 106 87
n 7		23 53 87 89 92 95 104 88
n 8		7 10 29 43 65 83 94 103 89
n 5		7 17 45 98 107 90
n 11	2 23 27 32 33 38 56 85 92 97 109 91
n 6		21 35 41 42 57 76 92
n 6		4 7 17 48 94 103 93
n 10	23 24 46 71 72 88 92 94 104 110 94
n 7		23 24 32 86 89 94 110 95
n 10	6 13 35 39 41 59 72 91 94 99 96
n 5		13 37 67 91 99 97
n 5		7 44 82 83 103 98
n 9		11 23 35 82 83 91 94 99 103 99
n 8		21 32 35 41 43 68 76 84 100
n 6		6 24 33 79 86 94 101
n 11	4 10 44 45 46 54 94 99 103 106 107 102
n 5		33 50 58 94 103 103
n 6		11 23 94 103 104 110 104
n 6		6 23 33 59 99 105 105
n 5		10 21 35 91 99 106
n 6		23 32 33 52 88 94 107
n 5		7 10 13 91 100 108
n 6		13 37 46 91 94 99 109
n 7		11 32 72 76 87 96 102 110
n 6		7 10 13 22 35 75 111
n 10	21 32 35 41 68 76 84 94 103 104 112
n 8		7 10 13 22 31 82 83 106 113
n 8		15 39 46 72 83 93 94 103 114
n 6		11 19 58 65 70 87 115
